# GSV_1,GSV_2,GSV_3,nw,kw
0.286890,-0.094830,0.142050,1.340000,0.000058
0.288860,-0.096370,0.143430,1.340000,0.000058
0.290830,-0.097910,0.144780,1.340000,0.000059
0.292830,-0.099430,0.146090,1.340000,0.000060
0.294830,-0.100950,0.147370,1.340000,0.000061
0.296860,-0.102450,0.148620,1.340000,0.000062
0.298900,-0.103950,0.149850,1.340000,0.000063
0.300970,-0.105440,0.151040,1.340000,0.000064
0.303070,-0.106920,0.152200,1.340000,0.000065
0.305200,-0.108390,0.153340,1.340000,0.000066
0.307350,-0.109850,0.154440,1.340000,0.000067
0.309550,-0.111290,0.155520,1.340000,0.000068
0.311780,-0.112730,0.156580,1.340000,0.000069
0.314050,-0.114160,0.157610,1.340000,0.000071
0.316370,-0.115580,0.158620,1.340000,0.000072
0.318730,-0.116980,0.159600,1.340000,0.000073
0.321140,-0.118380,0.160560,1.340000,0.000074
0.323610,-0.119760,0.161500,1.340000,0.000075
0.326120,-0.121130,0.162420,1.340000,0.000076
0.328700,-0.122490,0.163310,1.340000,0.000077
0.331340,-0.123840,0.164190,1.340000,0.000079
0.334040,-0.125180,0.165050,1.340000,0.000081
0.336810,-0.126510,0.165890,1.340000,0.000082
0.339640,-0.127830,0.166700,1.340000,0.000083
0.342550,-0.129140,0.167500,1.340000,0.000084
0.345540,-0.130440,0.168270,1.340000,0.000086
0.348600,-0.131750,0.169020,1.340000,0.000087
0.351740,-0.133050,0.169750,1.340000,0.000088
0.354960,-0.134340,0.170450,1.340000,0.000089
0.358270,-0.135640,0.171130,1.340000,0.000091
0.361670,-0.136940,0.171770,1.340000,0.000092
0.365160,-0.138240,0.172400,1.340000,0.000093
0.368720,-0.139550,0.173000,1.340000,0.000094
0.372340,-0.140860,0.173580,1.340000,0.000096
0.376000,-0.142170,0.174160,1.340000,0.000097
0.379680,-0.143480,0.174730,1.340000,0.000098
0.383370,-0.144790,0.175300,1.340000,0.000099
0.387050,-0.146100,0.175880,1.340000,0.000101
0.390700,-0.147410,0.176480,1.340000,0.000102
0.394310,-0.148710,0.177090,1.340000,0.000103
0.397850,-0.150020,0.177730,1.340000,0.000104
0.401320,-0.151320,0.178400,1.340000,0.000105
0.404710,-0.152620,0.179110,1.340000,0.000106
0.408000,-0.153910,0.179850,1.340000,0.000107
0.411190,-0.155200,0.180630,1.340000,0.000108
0.414280,-0.156490,0.181450,1.340000,0.000109
0.417250,-0.157770,0.182320,1.340000,0.000110
0.420090,-0.159050,0.183240,1.340000,0.000111
0.422810,-0.160320,0.184200,1.340000,0.000112
0.425390,-0.161590,0.185220,1.340000,0.000113
0.427830,-0.162850,0.186290,1.340000,0.000114
0.430110,-0.164110,0.187420,1.340000,0.000115
0.432260,-0.165360,0.188600,1.340000,0.000116
0.434270,-0.166600,0.189830,1.340000,0.000117
0.436150,-0.167830,0.191100,1.340000,0.000118
0.437910,-0.169050,0.192400,1.340000,0.000119
0.439560,-0.170260,0.193730,1.340000,0.000120
0.441100,-0.171450,0.195080,1.340000,0.000121
0.442560,-0.172620,0.196450,1.340000,0.000122
0.443920,-0.173770,0.197820,1.340000,0.000123
0.445210,-0.174900,0.199200,1.340000,0.000124
0.446430,-0.176010,0.200580,1.340000,0.000125
0.447590,-0.177090,0.201950,1.340000,0.000126
0.448700,-0.178160,0.203310,1.340000,0.000127
0.449780,-0.179200,0.204650,1.340000,0.000128
0.450840,-0.180210,0.205980,1.340000,0.000129
0.451880,-0.181210,0.207280,1.340000,0.000130
0.452930,-0.182190,0.208550,1.340000,0.000132
0.453990,-0.183140,0.209790,1.340000,0.000133
0.455070,-0.184080,0.211000,1.330000,0.000134
0.456200,-0.184990,0.212160,1.330000,0.000135
0.457360,-0.185880,0.213280,1.330000,0.000136
0.458580,-0.186760,0.214350,1.330000,0.000138
0.459860,-0.187610,0.215370,1.330000,0.000140
0.461200,-0.188440,0.216340,1.330000,0.000141
0.462610,-0.189250,0.217260,1.330000,0.000142
0.464090,-0.190040,0.218140,1.330000,0.000144
0.465650,-0.190810,0.218960,1.330000,0.000146
0.467280,-0.191550,0.219720,1.330000,0.000148
0.469010,-0.192280,0.220440,1.330000,0.000150
0.470820,-0.192980,0.221090,1.330000,0.000152
0.472720,-0.193660,0.221700,1.330000,0.000154
0.474730,-0.194320,0.222240,1.330000,0.000157
0.476820,-0.194960,0.222730,1.330000,0.000160
0.479020,-0.195580,0.223170,1.330000,0.000162
0.481310,-0.196170,0.223550,1.330000,0.000164
0.483700,-0.196760,0.223880,1.330000,0.000167
0.486180,-0.197320,0.224150,1.330000,0.000170
0.488760,-0.197870,0.224370,1.330000,0.000174
0.491440,-0.198400,0.224540,1.330000,0.000178
0.494220,-0.198920,0.224660,1.330000,0.000181
0.497100,-0.199420,0.224730,1.330000,0.000185
0.500070,-0.199910,0.224760,1.330000,0.000189
0.503130,-0.200400,0.224750,1.330000,0.000193
0.506260,-0.200880,0.224710,1.330000,0.000198
0.509480,-0.201370,0.224640,1.330000,0.000203
0.512760,-0.201860,0.224560,1.330000,0.000209
0.516100,-0.202370,0.224460,1.330000,0.000216
0.519500,-0.202880,0.224360,1.330000,0.000223
0.522950,-0.203420,0.224270,1.330000,0.000230
0.526450,-0.203980,0.224180,1.330000,0.000238
0.529980,-0.204560,0.224110,1.330000,0.000246
0.533550,-0.205160,0.224040,1.330000,0.000255
0.537150,-0.205760,0.223970,1.330000,0.000264
0.540760,-0.206360,0.223900,1.330000,0.000273
0.544400,-0.206950,0.223820,1.330000,0.000282
0.548040,-0.207510,0.223710,1.330000,0.000291
0.551690,-0.208040,0.223570,1.330000,0.000300
0.555330,-0.208530,0.223400,1.330000,0.000310
0.558970,-0.208970,0.223180,1.330000,0.000319
0.562600,-0.209340,0.222910,1.330000,0.000329
0.566220,-0.209640,0.222580,1.330000,0.000339
0.569820,-0.209890,0.222200,1.330000,0.000349
0.573430,-0.210090,0.221790,1.330000,0.000359
0.577050,-0.210260,0.221340,1.330000,0.000368
0.580700,-0.210420,0.220870,1.330000,0.000377
0.584380,-0.210570,0.220380,1.330000,0.000386
0.588100,-0.210740,0.219890,1.330000,0.000396
0.591880,-0.210930,0.219400,1.330000,0.000404
0.595730,-0.211160,0.218920,1.330000,0.000407
0.599650,-0.211450,0.218470,1.330000,0.000409
0.603660,-0.211800,0.218040,1.330000,0.000414
0.607750,-0.212200,0.217630,1.330000,0.000416
0.611920,-0.212650,0.217210,1.330000,0.000411
0.616170,-0.213120,0.216780,1.330000,0.000409
0.620490,-0.213600,0.216330,1.330000,0.000418
0.624890,-0.214080,0.215820,1.330000,0.000427
0.629350,-0.214550,0.215260,1.330000,0.000427
0.633880,-0.214980,0.214610,1.330000,0.000423
0.638470,-0.215360,0.213880,1.330000,0.000424
0.643120,-0.215690,0.213040,1.330000,0.000429
0.647830,-0.215940,0.212080,1.330000,0.000437
0.652590,-0.216130,0.211010,1.330000,0.000445
0.657410,-0.216250,0.209840,1.330000,0.000451
0.662280,-0.216320,0.208580,1.330000,0.000456
0.667190,-0.216330,0.207250,1.330000,0.000463
0.672160,-0.216290,0.205840,1.330000,0.000470
0.677170,-0.216220,0.204380,1.330000,0.000475
0.682230,-0.216100,0.202870,1.330000,0.000480
0.687330,-0.215950,0.201330,1.330000,0.000488
0.692470,-0.215780,0.199760,1.330000,0.000495
0.697660,-0.215580,0.198180,1.330000,0.000498
0.702880,-0.215360,0.196570,1.330000,0.000503
0.708150,-0.215110,0.194940,1.330000,0.000514
0.713450,-0.214810,0.193270,1.330000,0.000527
0.718790,-0.214470,0.191550,1.330000,0.000536
0.724170,-0.214090,0.189790,1.330000,0.000544
0.729580,-0.213640,0.187960,1.330000,0.000553
0.735030,-0.213140,0.186060,1.330000,0.000564
0.740520,-0.212570,0.184090,1.330000,0.000576
0.746040,-0.211920,0.182040,1.330000,0.000588
0.751590,-0.211200,0.179890,1.330000,0.000600
0.757170,-0.210400,0.177660,1.330000,0.000611
0.762770,-0.209530,0.175350,1.330000,0.000622
0.768380,-0.208590,0.172960,1.330000,0.000631
0.774010,-0.207580,0.170510,1.330000,0.000639
0.779630,-0.206510,0.168000,1.330000,0.000646
0.785240,-0.205370,0.165420,1.330000,0.000652
0.790850,-0.204170,0.162800,1.330000,0.000658
0.796430,-0.202910,0.160130,1.330000,0.000665
0.801990,-0.201590,0.157430,1.330000,0.000672
0.807520,-0.200220,0.154680,1.330000,0.000679
0.813010,-0.198800,0.151910,1.330000,0.000686
0.818470,-0.197330,0.149100,1.330000,0.000692
0.823890,-0.195790,0.146260,1.330000,0.000699
0.829270,-0.194200,0.143390,1.330000,0.000708
0.834610,-0.192560,0.140480,1.330000,0.000718
0.839900,-0.190850,0.137550,1.330000,0.000726
0.845150,-0.189090,0.134580,1.330000,0.000734
0.850360,-0.187260,0.131580,1.330000,0.000746
0.855510,-0.185380,0.128550,1.330000,0.000759
0.860610,-0.183430,0.125490,1.330000,0.000773
0.865650,-0.181430,0.122410,1.330000,0.000787
0.870620,-0.179380,0.119320,1.330000,0.000802
0.875490,-0.177280,0.116230,1.330000,0.000819
0.880260,-0.175150,0.113160,1.330000,0.000839
0.884910,-0.172980,0.110100,1.330000,0.000858
0.889440,-0.170780,0.107080,1.330000,0.000875
0.893820,-0.168570,0.104110,1.330000,0.000896
0.898050,-0.166330,0.101190,1.330000,0.000924
0.902100,-0.164090,0.098340,1.330000,0.000952
0.905980,-0.161850,0.095560,1.330000,0.000975
0.909690,-0.159600,0.092850,1.330000,0.001000
0.913250,-0.157350,0.090210,1.330000,0.001040
0.916660,-0.155110,0.087630,1.330000,0.001080
0.919940,-0.152870,0.085110,1.330000,0.001120
0.923100,-0.150640,0.082640,1.330000,0.001160
0.926160,-0.148430,0.080210,1.330000,0.001200
0.929130,-0.146230,0.077830,1.330000,0.001250
0.932020,-0.144040,0.075490,1.330000,0.001300
0.934850,-0.141880,0.073180,1.330000,0.001360
0.937620,-0.139730,0.070900,1.330000,0.001410
0.940330,-0.137620,0.068660,1.330000,0.001460
0.942980,-0.135520,0.066450,1.330000,0.001510
0.945560,-0.133460,0.064290,1.330000,0.001570
0.948060,-0.131420,0.062190,1.330000,0.001640
0.950490,-0.129420,0.060140,1.330000,0.001700
0.952820,-0.127450,0.058150,1.330000,0.001760
0.955070,-0.125520,0.056240,1.330000,0.001860
0.957210,-0.123630,0.054400,1.330000,0.002040
0.959250,-0.121770,0.052650,1.330000,0.002220
0.961180,-0.119960,0.050980,1.330000,0.002320
0.963010,-0.118180,0.049400,1.330000,0.002370
0.964730,-0.116450,0.047910,1.330000,0.002400
0.966360,-0.114760,0.046510,1.330000,0.002450
0.967900,-0.113120,0.045200,1.330000,0.002520
0.969340,-0.111520,0.043970,1.330000,0.002590
0.970710,-0.109960,0.042830,1.330000,0.002630
0.972000,-0.108440,0.041790,1.330000,0.002650
0.973210,-0.106970,0.040830,1.330000,0.002670
0.974350,-0.105540,0.039960,1.330000,0.002690
0.975430,-0.104150,0.039170,1.330000,0.002700
0.976450,-0.102800,0.038470,1.330000,0.002720
0.977400,-0.101480,0.037830,1.330000,0.002730
0.978290,-0.100180,0.037250,1.330000,0.002740
0.979110,-0.098890,0.036720,1.330000,0.002750
0.979880,-0.097600,0.036230,1.330000,0.002760
0.980580,-0.096300,0.035770,1.330000,0.002780
0.981220,-0.095000,0.035330,1.330000,0.002790
0.981810,-0.093670,0.034890,1.330000,0.002800
0.982330,-0.092310,0.034460,1.330000,0.002810
0.982790,-0.090920,0.034010,1.330000,0.002820
0.983210,-0.089500,0.033550,1.330000,0.002840
0.983590,-0.088040,0.033070,1.330000,0.002850
0.983940,-0.086560,0.032580,1.330000,0.002870
0.984270,-0.085050,0.032060,1.330000,0.002880
0.984600,-0.083530,0.031530,1.330000,0.002890
0.984920,-0.081990,0.030970,1.330000,0.002910
0.985260,-0.080430,0.030380,1.330000,0.002920
0.985630,-0.078870,0.029760,1.330000,0.002940
0.986030,-0.077310,0.029110,1.330000,0.002960
0.986460,-0.075750,0.028430,1.330000,0.002970
0.986940,-0.074190,0.027720,1.330000,0.002990
0.987450,-0.072630,0.026990,1.330000,0.003000
0.987980,-0.071080,0.026250,1.330000,0.003010
0.988540,-0.069540,0.025510,1.330000,0.003020
0.989110,-0.068010,0.024770,1.330000,0.003040
0.989690,-0.066500,0.024030,1.330000,0.003060
0.990280,-0.065010,0.023320,1.330000,0.003080
0.990860,-0.063540,0.022620,1.330000,0.003090
0.991440,-0.062090,0.021960,1.330000,0.003110
0.992000,-0.060670,0.021330,1.330000,0.003130
0.992550,-0.059260,0.020740,1.330000,0.003140
0.993080,-0.057880,0.020170,1.330000,0.003160
0.993600,-0.056510,0.019640,1.330000,0.003180
0.994090,-0.055160,0.019130,1.330000,0.003200
0.994550,-0.053810,0.018650,1.330000,0.003220
0.994980,-0.052460,0.018180,1.330000,0.003240
0.995390,-0.051110,0.017730,1.330000,0.003260
0.995760,-0.049760,0.017290,1.330000,0.003290
0.996100,-0.048400,0.016870,1.330000,0.003320
0.996400,-0.047030,0.016450,1.330000,0.003340
0.996670,-0.045640,0.016030,1.330000,0.003360
0.996910,-0.044240,0.015620,1.330000,0.003390
0.997130,-0.042830,0.015200,1.330000,0.003420
0.997330,-0.041410,0.014780,1.330000,0.003460
0.997520,-0.039970,0.014350,1.330000,0.003510
0.997690,-0.038520,0.013910,1.330000,0.003570
0.997870,-0.037050,0.013450,1.330000,0.003640
0.998050,-0.035560,0.012970,1.330000,0.003710
0.998230,-0.034060,0.012480,1.330000,0.003790
0.998430,-0.032540,0.011960,1.330000,0.003870
0.998630,-0.031010,0.011420,1.330000,0.003930
0.998840,-0.029460,0.010860,1.330000,0.003980
0.999050,-0.027880,0.010290,1.330000,0.004020
0.999250,-0.026290,0.009700,1.330000,0.004050
0.999440,-0.024690,0.009100,1.330000,0.004070
0.999620,-0.023060,0.008490,1.330000,0.004090
0.999780,-0.021410,0.007870,1.330000,0.004100
0.999920,-0.019740,0.007240,1.330000,0.004110
1.000000,-0.018060,0.006620,1.330000,0.004120
1.000100,-0.016350,0.005990,1.330000,0.004140
1.000200,-0.014620,0.005360,1.330000,0.004150
1.000200,-0.012870,0.004730,1.330000,0.004160
1.000200,-0.011090,0.004080,1.330000,0.004170
1.000200,-0.009300,0.003440,1.330000,0.004200
1.000200,-0.007480,0.002780,1.330000,0.004220
1.000200,-0.005650,0.002110,1.330000,0.004250
1.000100,-0.003790,0.001420,1.330000,0.004270
1.000100,-0.001900,0.000720,1.330000,0.004290
1.000000,0.000000,0.000000,1.330000,0.004320
0.999940,0.001930,-0.000740,1.330000,0.004350
0.999870,0.003880,-0.001490,1.330000,0.004380
0.999800,0.005840,-0.002270,1.330000,0.004420
0.999730,0.007830,-0.003060,1.330000,0.004460
0.999660,0.009840,-0.003870,1.330000,0.004500
0.999590,0.011860,-0.004690,1.330000,0.004550
0.999510,0.013890,-0.005530,1.330000,0.004590
0.999430,0.015940,-0.006380,1.330000,0.004650
0.999350,0.018000,-0.007240,1.330000,0.004700
0.999260,0.020070,-0.008120,1.330000,0.004760
0.999170,0.022160,-0.009000,1.330000,0.004830
0.999080,0.024250,-0.009890,1.330000,0.004900
0.998990,0.026340,-0.010800,1.330000,0.004990
0.998890,0.028450,-0.011710,1.330000,0.005070
0.998780,0.030570,-0.012620,1.330000,0.005150
0.998670,0.032690,-0.013540,1.330000,0.005240
0.998550,0.034820,-0.014470,1.330000,0.005350
0.998420,0.036960,-0.015400,1.330000,0.005470
0.998280,0.039110,-0.016330,1.330000,0.005590
0.998130,0.041260,-0.017260,1.330000,0.005720
0.997960,0.043420,-0.018200,1.330000,0.005860
0.997790,0.045590,-0.019130,1.330000,0.006000
0.997610,0.047770,-0.020070,1.330000,0.006150
0.997420,0.049940,-0.021010,1.330000,0.006300
0.997230,0.052130,-0.021940,1.330000,0.006460
0.997030,0.054320,-0.022880,1.330000,0.006630
0.996830,0.056510,-0.023820,1.330000,0.006800
0.996630,0.058700,-0.024760,1.330000,0.006990
0.996430,0.060900,-0.025710,1.330000,0.007200
0.996230,0.063090,-0.026650,1.330000,0.007420
0.996040,0.065290,-0.027600,1.330000,0.007650
0.995850,0.067490,-0.028540,1.330000,0.007890
0.995660,0.069680,-0.029480,1.330000,0.008160
0.995460,0.071870,-0.030410,1.330000,0.008450
0.995260,0.074050,-0.031320,1.330000,0.008760
0.995050,0.076220,-0.032220,1.330000,0.009110
0.994820,0.078380,-0.033100,1.330000,0.009480
0.994570,0.080530,-0.033950,1.330000,0.009870
0.994310,0.082660,-0.034770,1.330000,0.010300
0.994020,0.084770,-0.035560,1.330000,0.010700
0.993710,0.086860,-0.036320,1.330000,0.011200
0.993370,0.088940,-0.037040,1.330000,0.011700
0.993010,0.090990,-0.037730,1.330000,0.012200
0.992630,0.093020,-0.038400,1.330000,0.012700
0.992230,0.095040,-0.039030,1.330000,0.013200
0.991810,0.097040,-0.039640,1.330000,0.013700
0.991370,0.099030,-0.040240,1.330000,0.014300
0.990920,0.101000,-0.040810,1.330000,0.014900
0.990450,0.102950,-0.041360,1.330000,0.015500
0.989970,0.104900,-0.041900,1.330000,0.016200
0.989480,0.106830,-0.042430,1.330000,0.017000
0.988980,0.108740,-0.042940,1.330000,0.017900
0.988460,0.110640,-0.043430,1.330000,0.018900
0.987930,0.112530,-0.043910,1.330000,0.019900
0.987390,0.114400,-0.044360,1.330000,0.021000
0.986830,0.116250,-0.044790,1.330000,0.022100
0.986250,0.118080,-0.045190,1.330000,0.023100
0.985650,0.119900,-0.045560,1.330000,0.023900
0.985040,0.121690,-0.045900,1.330000,0.024700
0.984400,0.123470,-0.046210,1.330000,0.025300
0.983750,0.125220,-0.046480,1.330000,0.025800
0.983070,0.126940,-0.046710,1.330000,0.026200
0.982370,0.128650,-0.046910,1.330000,0.026500
0.981640,0.130330,-0.047070,1.330000,0.026700
0.980890,0.131980,-0.047180,1.330000,0.026900
0.980110,0.133610,-0.047260,1.330000,0.027000
0.979290,0.135200,-0.047290,1.330000,0.027100
0.978450,0.136770,-0.047280,1.330000,0.027200
0.977580,0.138310,-0.047230,1.330000,0.027300
0.976670,0.139820,-0.047130,1.330000,0.027300
0.975720,0.141300,-0.046990,1.330000,0.027400
0.974740,0.142740,-0.046800,1.330000,0.027400
0.973730,0.144160,-0.046570,1.330000,0.027500
0.972680,0.145540,-0.046300,1.330000,0.027500
0.971610,0.146900,-0.045990,1.330000,0.027500
0.970500,0.148230,-0.045640,1.330000,0.027500
0.969370,0.149540,-0.045260,1.330000,0.027600
0.968210,0.150820,-0.044830,1.330000,0.027600
0.967030,0.152080,-0.044370,1.330000,0.027700
0.965820,0.153310,-0.043880,1.330000,0.027700
0.964590,0.154520,-0.043350,1.330000,0.027700
0.963340,0.155710,-0.042790,1.330000,0.027700
0.962070,0.156880,-0.042190,1.330000,0.027700
0.960770,0.158030,-0.041570,1.330000,0.027700
0.959450,0.159150,-0.040910,1.330000,0.027700
0.958110,0.160250,-0.040220,1.330000,0.027700
0.956740,0.161340,-0.039500,1.330000,0.027700
0.955340,0.162400,-0.038740,1.330000,0.027600
0.953930,0.163440,-0.037960,1.330000,0.027600
0.952490,0.164450,-0.037140,1.330000,0.027500
0.951020,0.165450,-0.036290,1.330000,0.027500
0.949520,0.166430,-0.035420,1.330000,0.027500
0.948000,0.167390,-0.034510,1.330000,0.027400
0.946450,0.168330,-0.033570,1.330000,0.027300
0.944860,0.169250,-0.032590,1.330000,0.027200
0.943250,0.170150,-0.031590,1.330000,0.027100
0.941590,0.171040,-0.030550,1.330000,0.027000
0.939900,0.171910,-0.029480,1.330000,0.026900
0.938180,0.172770,-0.028380,1.330000,0.026800
0.936410,0.173610,-0.027250,1.330000,0.026600
0.934600,0.174440,-0.026080,1.330000,0.026500
0.932760,0.175260,-0.024880,1.330000,0.026300
0.930880,0.176050,-0.023650,1.330000,0.026200
0.928980,0.176830,-0.022400,1.330000,0.026100
0.927070,0.177590,-0.021130,1.330000,0.025900
0.925140,0.178330,-0.019840,1.330000,0.025600
0.923200,0.179040,-0.018530,1.330000,0.025200
0.921260,0.179730,-0.017210,1.330000,0.025100
0.919320,0.180380,-0.015870,1.330000,0.025000
0.917400,0.181010,-0.014540,1.330000,0.024700
0.915490,0.181610,-0.013190,1.330000,0.024500
0.913590,0.182190,-0.011840,1.330000,0.024100
0.911700,0.182730,-0.010490,1.330000,0.023900
0.909820,0.183250,-0.009130,1.330000,0.023700
0.907940,0.183760,-0.007770,1.330000,0.023600
0.906070,0.184240,-0.006410,1.330000,0.023400
0.904200,0.184710,-0.005040,1.330000,0.023200
0.902330,0.185170,-0.003670,1.330000,0.023000
0.900450,0.185620,-0.002290,1.330000,0.022800
0.898570,0.186060,-0.000920,1.330000,0.022500
0.896670,0.186500,0.000460,1.330000,0.022400
0.894770,0.186930,0.001840,1.330000,0.022400
0.892850,0.187370,0.003230,1.330000,0.022200
0.890920,0.187800,0.004610,1.330000,0.022000
0.888970,0.188230,0.006000,1.330000,0.022000
0.887000,0.188660,0.007390,1.330000,0.022000
0.885010,0.189100,0.008790,1.330000,0.022000
0.883000,0.189540,0.010190,1.330000,0.021800
0.880960,0.189980,0.011600,1.330000,0.021900
0.878890,0.190430,0.013000,1.330000,0.021900
0.876800,0.190890,0.014420,1.330000,0.021900
0.874680,0.191350,0.015830,1.330000,0.022000
0.872540,0.191820,0.017250,1.330000,0.022100
0.870380,0.192280,0.018670,1.330000,0.022200
0.868200,0.192760,0.020090,1.330000,0.022300
0.866010,0.193230,0.021510,1.330000,0.022500
0.863820,0.193700,0.022920,1.330000,0.022800
0.861620,0.194160,0.024330,1.330000,0.023000
0.859420,0.194630,0.025740,1.330000,0.023100
0.857220,0.195090,0.027140,1.330000,0.023300
0.855030,0.195540,0.028540,1.330000,0.023900
0.852840,0.195990,0.029920,1.330000,0.024500
0.850650,0.196440,0.031300,1.330000,0.024800
0.848460,0.196900,0.032680,1.330000,0.025200
0.846270,0.197360,0.034050,1.330000,0.026200
0.844070,0.197820,0.035410,1.330000,0.027700
0.841860,0.198300,0.036760,1.330000,0.028300
0.839630,0.198800,0.038110,1.330000,0.029100
0.837390,0.199310,0.039460,1.330000,0.031100
0.835130,0.199840,0.040790,1.330000,0.032100
0.832860,0.200390,0.042120,1.330000,0.033000
0.830560,0.200960,0.043450,1.330000,0.034600
0.828250,0.201560,0.044770,1.330000,0.036100
0.825920,0.202170,0.046080,1.330000,0.036600
0.823570,0.202800,0.047380,1.330000,0.037000
0.821220,0.203440,0.048680,1.330000,0.037900
0.818850,0.204100,0.049970,1.330000,0.038300
0.816480,0.204770,0.051250,1.330000,0.038500
0.814090,0.205450,0.052520,1.330000,0.039100
0.811710,0.206140,0.053780,1.330000,0.039500
0.809310,0.206830,0.055040,1.330000,0.039700
0.806920,0.207530,0.056280,1.330000,0.040000
0.804520,0.208240,0.057510,1.330000,0.040400
0.802120,0.208950,0.058740,1.330000,0.040600
0.799720,0.209660,0.059950,1.330000,0.040800
0.797320,0.210390,0.061150,1.330000,0.041200
0.794920,0.211110,0.062340,1.330000,0.041300
0.792520,0.211850,0.063520,1.330000,0.041500
0.790130,0.212580,0.064690,1.330000,0.042000
0.787740,0.213330,0.065850,1.330000,0.042000
0.785350,0.214070,0.067000,1.330000,0.042200
0.782970,0.214820,0.068130,1.330000,0.042500
0.780590,0.215580,0.069260,1.330000,0.042700
0.778220,0.216350,0.070370,1.330000,0.042800
0.775850,0.217120,0.071460,1.330000,0.043100
0.773480,0.217900,0.072550,1.330000,0.043600
0.771120,0.218690,0.073620,1.330000,0.043700
0.768760,0.219500,0.074680,1.330000,0.043800
0.766410,0.220310,0.075720,1.330000,0.044300
0.764050,0.221140,0.076750,1.330000,0.044500
0.761700,0.221990,0.077760,1.330000,0.044700
0.759360,0.222850,0.078760,1.330000,0.045100
0.757020,0.223720,0.079740,1.330000,0.045300
0.754680,0.224600,0.080710,1.330000,0.045500
0.752360,0.225490,0.081670,1.330000,0.046100
0.750050,0.226390,0.082610,1.330000,0.046600
0.747760,0.227300,0.083540,1.330000,0.046900
0.745470,0.228220,0.084460,1.330000,0.047100
0.743210,0.229150,0.085360,1.330000,0.047100
0.740960,0.230080,0.086250,1.330000,0.047500
0.738740,0.231020,0.087130,1.330000,0.048300
0.736530,0.231970,0.088000,1.330000,0.048700
0.734350,0.232920,0.088850,1.330000,0.048900
0.732180,0.233870,0.089690,1.330000,0.049600
0.730030,0.234840,0.090520,1.330000,0.050100
0.727890,0.235810,0.091330,1.330000,0.050500
0.725770,0.236780,0.092130,1.330000,0.051200
0.723660,0.237770,0.092920,1.330000,0.051500
0.721560,0.238760,0.093690,1.330000,0.052000
0.719480,0.239760,0.094450,1.330000,0.053000
0.717400,0.240770,0.095190,1.330000,0.053500
0.715340,0.241780,0.095920,1.330000,0.053900
0.713290,0.242810,0.096630,1.330000,0.054700
0.711240,0.243840,0.097330,1.330000,0.055300
0.709210,0.244880,0.098020,1.330000,0.055700
0.707180,0.245940,0.098690,1.330000,0.056000
0.705160,0.247000,0.099350,1.330000,0.056500
0.703150,0.248070,0.099990,1.330000,0.057500
0.701140,0.249150,0.100620,1.330000,0.057900
0.699150,0.250240,0.101230,1.330000,0.058300
0.697160,0.251340,0.101830,1.330000,0.059200
0.695170,0.252460,0.102410,1.330000,0.059800
0.693190,0.253570,0.102990,1.330000,0.060100
0.691230,0.254700,0.103550,1.330000,0.060400
0.689260,0.255830,0.104100,1.330000,0.060900
0.687310,0.256970,0.104650,1.330000,0.061900
0.685370,0.258110,0.105180,1.330000,0.062300
0.683430,0.259260,0.105720,1.330000,0.062700
0.681500,0.260400,0.106240,1.330000,0.063600
0.679590,0.261550,0.106770,1.330000,0.064100
0.677680,0.262690,0.107290,1.330000,0.064600
0.675780,0.263840,0.107800,1.330000,0.065600
0.673900,0.264990,0.108310,1.330000,0.066400
0.672020,0.266140,0.108810,1.330000,0.066700
0.670160,0.267300,0.109300,1.330000,0.067000
0.668310,0.268470,0.109780,1.330000,0.067700
0.666470,0.269650,0.110240,1.330000,0.069000
0.664640,0.270840,0.110680,1.330000,0.069900
0.662830,0.272040,0.111110,1.330000,0.070400
0.661030,0.273250,0.111510,1.330000,0.070900
0.659240,0.274480,0.111890,1.330000,0.071900
0.657470,0.275730,0.112250,1.330000,0.073600
0.655710,0.276990,0.112590,1.330000,0.074900
0.653960,0.278270,0.112900,1.330000,0.075600
0.652220,0.279560,0.113200,1.330000,0.076300
0.650500,0.280870,0.113470,1.330000,0.077900
0.648780,0.282180,0.113730,1.330000,0.080900
0.647080,0.283510,0.113970,1.330000,0.082900
0.645380,0.284850,0.114190,1.330000,0.084100
0.643700,0.286200,0.114400,1.330000,0.085300
0.642020,0.287560,0.114590,1.330000,0.088000
0.640350,0.288920,0.114760,1.330000,0.092700
0.638680,0.290300,0.114920,1.330000,0.095800
0.637030,0.291690,0.115070,1.330000,0.098200
0.635370,0.293080,0.115210,1.330000,0.101000
0.633720,0.294480,0.115340,1.330000,0.104000
0.632070,0.295890,0.115460,1.330000,0.107000
0.630430,0.297300,0.115570,1.330000,0.111000
0.628780,0.298720,0.115680,1.330000,0.119000
0.627130,0.300140,0.115790,1.330000,0.125000
0.625480,0.301570,0.115890,1.330000,0.128000
0.623830,0.303000,0.115990,1.330000,0.133000
0.622170,0.304440,0.116080,1.330000,0.137000
0.620520,0.305870,0.116180,1.330000,0.141000
0.618870,0.307300,0.116280,1.330000,0.147000
0.617220,0.308730,0.116380,1.330000,0.156000
0.615570,0.310160,0.116480,1.330000,0.164000
0.613930,0.311580,0.116580,1.330000,0.169000
0.612290,0.312990,0.116680,1.330000,0.173000
0.610660,0.314400,0.116800,1.330000,0.182000
0.609030,0.315790,0.116910,1.330000,0.196000
0.607400,0.317190,0.117030,1.330000,0.205000
0.605770,0.318580,0.117140,1.330000,0.211000
0.604150,0.319980,0.117240,1.330000,0.219000
0.602520,0.321400,0.117330,1.330000,0.229000
0.600880,0.322840,0.117400,1.330000,0.239000
0.599240,0.324300,0.117450,1.330000,0.247000
0.597580,0.325790,0.117480,1.330000,0.254000
0.595910,0.327320,0.117470,1.330000,0.270000
0.594230,0.328900,0.117430,1.330000,0.298000
0.592530,0.330520,0.117350,1.330000,0.315000
0.590820,0.332180,0.117230,1.330000,0.327000
0.589110,0.333860,0.117100,1.330000,0.344000
0.587410,0.335570,0.116940,1.330000,0.362000
0.585730,0.337270,0.116770,1.330000,0.379000
0.584080,0.338980,0.116600,1.330000,0.393000
0.582470,0.340660,0.116430,1.330000,0.407000
0.580900,0.342310,0.116280,1.330000,0.418000
0.579390,0.343920,0.116140,1.330000,0.427000
0.577950,0.345490,0.116030,1.330000,0.439000
0.576570,0.346990,0.115950,1.330000,0.454000
0.575230,0.348460,0.115890,1.330000,0.461000
0.573900,0.349920,0.115830,1.330000,0.463000
0.572540,0.351410,0.115770,1.330000,0.466000
0.571110,0.352940,0.115690,1.330000,0.470000
0.569590,0.354550,0.115560,1.330000,0.473000
0.567930,0.356270,0.115390,1.330000,0.476000
0.566100,0.358110,0.115160,1.330000,0.477000
0.564060,0.360120,0.114850,1.330000,0.479000
0.561780,0.362320,0.114450,1.330000,0.480000
0.559250,0.364730,0.113950,1.330000,0.481000
0.556490,0.367310,0.113360,1.330000,0.483000
0.553580,0.370030,0.112690,1.330000,0.484000
0.550560,0.372850,0.111970,1.330000,0.486000
0.547490,0.375730,0.111200,1.330000,0.487000
0.544440,0.378620,0.110410,1.330000,0.487000
0.541450,0.381500,0.109600,1.330000,0.486000
0.538590,0.384320,0.108800,1.330000,0.486000
0.535910,0.387030,0.108010,1.330000,0.484000
0.533480,0.389610,0.107260,1.330000,0.482000
0.531320,0.392020,0.106550,1.330000,0.480000
0.529420,0.394270,0.105890,1.330000,0.479000
0.527740,0.396400,0.105260,1.330000,0.476000
0.526240,0.398410,0.104660,1.330000,0.474000
0.524880,0.400340,0.104090,1.330000,0.471000
0.523640,0.402210,0.103520,1.330000,0.468000
0.522450,0.404030,0.102970,1.330000,0.464000
0.521300,0.405850,0.102420,1.330000,0.460000
0.520130,0.407670,0.101860,1.330000,0.457000
0.518920,0.409520,0.101300,1.330000,0.453000
0.517630,0.411420,0.100710,1.330000,0.448000
0.516260,0.413370,0.100110,1.330000,0.443000
0.514830,0.415360,0.099490,1.330000,0.440000
0.513340,0.417390,0.098860,1.330000,0.436000
0.511820,0.419450,0.098220,1.330000,0.432000
0.510260,0.421530,0.097560,1.330000,0.427000
0.508680,0.423630,0.096900,1.330000,0.422000
0.507090,0.425740,0.096230,1.330000,0.417000
0.505500,0.427860,0.095550,1.330000,0.412000
0.503920,0.429970,0.094860,1.330000,0.407000
0.502370,0.432080,0.094170,1.330000,0.402000
0.500830,0.434180,0.093480,1.330000,0.396000
0.499320,0.436270,0.092790,1.330000,0.392000
0.497820,0.438360,0.092090,1.330000,0.387000
0.496340,0.440450,0.091380,1.330000,0.382000
0.494860,0.442540,0.090670,1.330000,0.376000
0.493400,0.444630,0.089960,1.330000,0.370000
0.491940,0.446720,0.089250,1.330000,0.364000
0.490490,0.448810,0.088530,1.330000,0.358000
0.489040,0.450910,0.087810,1.330000,0.352000
0.487590,0.453010,0.087080,1.330000,0.346000
0.486140,0.455120,0.086350,1.330000,0.340000
0.484690,0.457230,0.085610,1.330000,0.335000
0.483230,0.459360,0.084860,1.330000,0.330000
0.481780,0.461490,0.084110,1.330000,0.324000
0.480310,0.463640,0.083340,1.330000,0.319000
0.478850,0.465790,0.082570,1.330000,0.314000
0.477370,0.467960,0.081780,1.330000,0.309000
0.475890,0.470150,0.080980,1.330000,0.302000
0.474400,0.472340,0.080170,1.330000,0.296000
0.472910,0.474560,0.079330,1.330000,0.290000
0.471410,0.476780,0.078490,1.330000,0.284000
0.469900,0.479020,0.077630,1.330000,0.278000
0.468390,0.481260,0.076760,1.330000,0.272000
0.466880,0.483510,0.075880,1.330000,0.267000
0.465370,0.485770,0.075000,1.330000,0.262000
0.463860,0.488020,0.074100,1.330000,0.257000
0.462350,0.490280,0.073200,1.330000,0.251000
0.460860,0.492520,0.072300,1.330000,0.244000
0.459370,0.494770,0.071400,1.330000,0.239000
0.457880,0.497000,0.070500,1.330000,0.236000
0.456410,0.499220,0.069590,1.330000,0.233000
0.454950,0.501440,0.068690,1.330000,0.230000
0.453490,0.503640,0.067780,1.330000,0.225000
0.452040,0.505840,0.066880,1.330000,0.220000
0.450590,0.508030,0.065980,1.330000,0.215000
0.449160,0.510210,0.065070,1.330000,0.211000
0.447730,0.512390,0.064170,1.330000,0.206000
0.446300,0.514560,0.063270,1.330000,0.202000
0.444880,0.516720,0.062370,1.330000,0.198000
0.443460,0.518870,0.061460,1.330000,0.194000
0.442040,0.521020,0.060560,1.330000,0.190000
0.440630,0.523160,0.059660,1.330000,0.187000
0.439230,0.525300,0.058760,1.330000,0.184000
0.437830,0.527430,0.057860,1.330000,0.182000
0.436440,0.529560,0.056960,1.330000,0.179000
0.435050,0.531680,0.056070,1.330000,0.175000
0.433670,0.533800,0.055170,1.330000,0.172000
0.432300,0.535920,0.054270,1.330000,0.169000
0.430930,0.538030,0.053380,1.330000,0.166000
0.429570,0.540140,0.052480,1.330000,0.164000
0.428220,0.542250,0.051590,1.330000,0.161000
0.426880,0.544350,0.050690,1.330000,0.159000
0.425550,0.546460,0.049800,1.330000,0.156000
0.424220,0.548560,0.048900,1.330000,0.155000
0.422910,0.550660,0.048000,1.330000,0.153000
0.421600,0.552750,0.047100,1.330000,0.152000
0.420310,0.554850,0.046200,1.330000,0.151000
0.419020,0.556950,0.045290,1.330000,0.150000
0.417750,0.559040,0.044370,1.330000,0.148000
0.416490,0.561140,0.043460,1.330000,0.146000
0.415230,0.563230,0.042530,1.330000,0.145000
0.413990,0.565330,0.041610,1.330000,0.144000
0.412750,0.567420,0.040670,1.330000,0.144000
0.411520,0.569520,0.039740,1.330000,0.143000
0.410300,0.571620,0.038790,1.330000,0.143000
0.409080,0.573720,0.037850,1.330000,0.142000
0.407860,0.575830,0.036900,1.330000,0.141000
0.406650,0.577930,0.035940,1.330000,0.141000
0.405440,0.580040,0.034980,1.330000,0.141000
0.404240,0.582160,0.034020,1.330000,0.141000
0.403030,0.584280,0.033050,1.330000,0.141000
0.401820,0.586400,0.032080,1.330000,0.141000
0.400620,0.588530,0.031100,1.330000,0.141000
0.399420,0.590670,0.030120,1.330000,0.141000
0.398210,0.592820,0.029130,1.330000,0.143000
0.397010,0.594970,0.028130,1.330000,0.144000
0.395810,0.597130,0.027120,1.330000,0.144000
0.394610,0.599290,0.026100,1.330000,0.144000
0.393410,0.601470,0.025070,1.330000,0.144000
0.392210,0.603660,0.024040,1.330000,0.146000
0.391010,0.605850,0.022990,1.330000,0.148000
0.389810,0.608050,0.021940,1.330000,0.150000
0.388610,0.610260,0.020880,1.330000,0.152000
0.387420,0.612470,0.019810,1.330000,0.153000
0.386220,0.614690,0.018730,1.330000,0.155000
0.385030,0.616910,0.017650,1.330000,0.156000
0.383840,0.619130,0.016560,1.330000,0.158000
0.382660,0.621350,0.015470,1.330000,0.160000
0.381480,0.623580,0.014380,1.330000,0.163000
0.380300,0.625800,0.013290,1.330000,0.166000
0.379120,0.628010,0.012190,1.330000,0.168000
0.377950,0.630230,0.011090,1.330000,0.169000
0.376790,0.632450,0.009990,1.330000,0.171000
0.375620,0.634660,0.008880,1.330000,0.174000
0.374460,0.636870,0.007770,1.330000,0.178000
0.373310,0.639080,0.006660,1.330000,0.182000
0.372160,0.641290,0.005550,1.330000,0.187000
0.371010,0.643500,0.004430,1.330000,0.189000
0.369870,0.645710,0.003310,1.330000,0.191000
0.368720,0.647920,0.002190,1.330000,0.193000
0.367590,0.650130,0.001060,1.330000,0.197000
0.366460,0.652340,-0.000070,1.330000,0.201000
0.365330,0.654540,-0.001200,1.330000,0.203000
0.364200,0.656750,-0.002330,1.330000,0.205000
0.363080,0.658950,-0.003460,1.330000,0.208000
0.361960,0.661160,-0.004600,1.330000,0.212000
0.360850,0.663360,-0.005730,1.330000,0.217000
0.359740,0.665570,-0.006860,1.330000,0.220000
0.358640,0.667770,-0.008000,1.330000,0.222000
0.357540,0.669980,-0.009130,1.330000,0.225000
0.356440,0.672180,-0.010260,1.330000,0.230000
0.355350,0.674380,-0.011390,1.330000,0.234000
0.354260,0.676590,-0.012510,1.330000,0.235000
0.353170,0.678790,-0.013640,1.330000,0.234000
0.352090,0.680990,-0.014760,1.330000,0.235000
0.351000,0.683180,-0.015880,1.330000,0.240000
0.349920,0.685380,-0.017000,1.330000,0.245000
0.348850,0.687570,-0.018110,1.330000,0.249000
0.347770,0.689760,-0.019230,1.330000,0.253000
0.346690,0.691940,-0.020340,1.330000,0.258000
0.345620,0.694120,-0.021450,1.330000,0.265000
0.344540,0.696300,-0.022560,1.330000,0.272000
0.343470,0.698480,-0.023660,1.330000,0.277000
0.342390,0.700650,-0.024760,1.330000,0.281000
0.341320,0.702820,-0.025870,1.330000,0.289000
0.340250,0.704990,-0.026970,1.330000,0.302000
0.339170,0.707150,-0.028070,1.330000,0.316000
0.338100,0.709310,-0.029170,1.330000,0.327000
0.337020,0.711470,-0.030270,1.330000,0.338000
0.335940,0.713630,-0.031380,1.330000,0.353000
0.334860,0.715790,-0.032480,1.330000,0.377000
0.333780,0.717940,-0.033570,1.330000,0.404000
0.332700,0.720080,-0.034660,1.330000,0.428000
0.331610,0.722210,-0.035750,1.330000,0.450000
0.330510,0.724340,-0.036820,1.330000,0.471000
0.329420,0.726450,-0.037880,1.330000,0.493000
0.328310,0.728550,-0.038930,1.330000,0.520000
0.327200,0.730640,-0.039960,1.330000,0.557000
0.326090,0.732700,-0.040980,1.330000,0.605000
0.324960,0.734760,-0.041970,1.330000,0.652000
0.323830,0.736790,-0.042950,1.330000,0.686000
0.322700,0.738810,-0.043910,1.330000,0.716000
0.321560,0.740810,-0.044860,1.330000,0.754000
0.320420,0.742810,-0.045800,1.330000,0.806000
0.319270,0.744790,-0.046730,1.330000,0.860000
0.318130,0.746760,-0.047650,1.330000,0.898000
0.316980,0.748720,-0.048560,1.330000,0.925000
0.315840,0.750670,-0.049470,1.330000,0.949000
0.314700,0.752610,-0.050380,1.330000,0.977000
0.313570,0.754550,-0.051290,1.330000,1.010000
0.312430,0.756490,-0.052200,1.330000,1.040000
0.311310,0.758420,-0.053110,1.330000,1.070000
0.310180,0.760360,-0.054030,1.330000,1.100000
0.309070,0.762300,-0.054950,1.330000,1.120000
0.307960,0.764240,-0.055890,1.330000,1.130000
0.306850,0.766190,-0.056840,1.330000,1.140000
0.305750,0.768150,-0.057800,1.330000,1.150000
0.304660,0.770120,-0.058770,1.330000,1.160000
0.303580,0.772110,-0.059760,1.330000,1.170000
0.302510,0.774110,-0.060770,1.330000,1.180000
0.301440,0.776120,-0.061800,1.330000,1.190000
0.300380,0.778150,-0.062840,1.330000,1.190000
0.299330,0.780180,-0.063890,1.330000,1.200000
0.298280,0.782210,-0.064940,1.330000,1.200000
0.297250,0.784250,-0.066010,1.330000,1.200000
0.296220,0.786280,-0.067070,1.330000,1.200000
0.295190,0.788310,-0.068130,1.330000,1.210000
0.294170,0.790340,-0.069180,1.330000,1.210000
0.293160,0.792350,-0.070230,1.330000,1.210000
0.292150,0.794350,-0.071270,1.330000,1.210000
0.291150,0.796340,-0.072300,1.330000,1.220000
0.290150,0.798310,-0.073310,1.330000,1.230000
0.289160,0.800270,-0.074320,1.330000,1.230000
0.288170,0.802220,-0.075310,1.330000,1.230000
0.287190,0.804160,-0.076290,1.330000,1.230000
0.286210,0.806070,-0.077250,1.330000,1.230000
0.285230,0.807980,-0.078200,1.330000,1.230000
0.284260,0.809870,-0.079140,1.330000,1.240000
0.283290,0.811740,-0.080060,1.330000,1.240000
0.282330,0.813600,-0.080960,1.330000,1.240000
0.281360,0.815440,-0.081860,1.330000,1.240000
0.280400,0.817270,-0.082740,1.330000,1.250000
0.279450,0.819100,-0.083610,1.330000,1.250000
0.278490,0.820910,-0.084480,1.330000,1.260000
0.277540,0.822720,-0.085340,1.330000,1.260000
0.276590,0.824530,-0.086210,1.330000,1.260000
0.275640,0.826340,-0.087070,1.330000,1.260000
0.274700,0.828150,-0.087940,1.330000,1.270000
0.273750,0.829960,-0.088820,1.330000,1.270000
0.272810,0.831780,-0.089700,1.330000,1.270000
0.271870,0.833600,-0.090590,1.330000,1.270000
0.270930,0.835420,-0.091490,1.330000,1.280000
0.269990,0.837250,-0.092390,1.320000,1.280000
0.269050,0.839070,-0.093300,1.320000,1.280000
0.268120,0.840890,-0.094200,1.320000,1.280000
0.267190,0.842710,-0.095100,1.320000,1.280000
0.266260,0.844520,-0.096000,1.320000,1.280000
0.265330,0.846320,-0.096890,1.320000,1.280000
0.264410,0.848110,-0.097780,1.320000,1.270000
0.263480,0.849900,-0.098660,1.320000,1.270000
0.262560,0.851670,-0.099530,1.320000,1.270000
0.261640,0.853430,-0.100390,1.330000,1.270000
0.260720,0.855180,-0.101240,1.330000,1.270000
0.259800,0.856920,-0.102080,1.330000,1.270000
0.258870,0.858650,-0.102910,1.330000,1.270000
0.257950,0.860370,-0.103740,1.330000,1.260000
0.257030,0.862080,-0.104550,1.330000,1.260000
0.256100,0.863790,-0.105350,1.330000,1.260000
0.255160,0.865480,-0.106140,1.330000,1.260000
0.254230,0.867160,-0.106920,1.330000,1.250000
0.253290,0.868830,-0.107680,1.330000,1.250000
0.252340,0.870480,-0.108430,1.330000,1.240000
0.251390,0.872130,-0.109170,1.330000,1.240000
0.250440,0.873750,-0.109890,1.330000,1.240000
0.249480,0.875360,-0.110590,1.330000,1.240000
0.248510,0.876950,-0.111270,1.330000,1.230000
0.247540,0.878520,-0.111930,1.330000,1.220000
0.246560,0.880070,-0.112560,1.330000,1.220000
0.245570,0.881590,-0.113170,1.330000,1.210000
0.244580,0.883090,-0.113750,1.330000,1.210000
0.243580,0.884560,-0.114310,1.330000,1.210000
0.242580,0.886010,-0.114840,1.330000,1.210000
0.241570,0.887430,-0.115340,1.330000,1.210000
0.240560,0.888830,-0.115820,1.330000,1.200000
0.239550,0.890210,-0.116270,1.330000,1.200000
0.238530,0.891550,-0.116700,1.330000,1.200000
0.237510,0.892880,-0.117100,1.330000,1.200000
0.236490,0.894180,-0.117470,1.330000,1.190000
0.235470,0.895450,-0.117820,1.330000,1.190000
0.234440,0.896700,-0.118140,1.330000,1.180000
0.233420,0.897930,-0.118440,1.330000,1.180000
0.232400,0.899150,-0.118730,1.330000,1.180000
0.231390,0.900360,-0.119020,1.330000,1.170000
0.230380,0.901560,-0.119300,1.330000,1.170000
0.229370,0.902770,-0.119590,1.330000,1.160000
0.228370,0.903990,-0.119890,1.330000,1.160000
0.227380,0.905220,-0.120210,1.330000,1.160000
0.226390,0.906470,-0.120560,1.330000,1.160000
0.225410,0.907740,-0.120940,1.330000,1.160000
0.224450,0.909050,-0.121350,1.330000,1.150000
0.223490,0.910380,-0.121790,1.330000,1.150000
0.222540,0.911730,-0.122270,1.330000,1.140000
0.221600,0.913090,-0.122770,1.330000,1.140000
0.220660,0.914480,-0.123280,1.330000,1.130000
0.219740,0.915870,-0.123810,1.330000,1.130000
0.218810,0.917260,-0.124350,1.330000,1.130000
0.217900,0.918660,-0.124890,1.330000,1.120000
0.216990,0.920050,-0.125440,1.330000,1.120000
0.216080,0.921430,-0.125980,1.320000,1.120000
0.215180,0.922800,-0.126510,1.320000,1.110000
0.214280,0.924160,-0.127030,1.320000,1.110000
0.213380,0.925510,-0.127540,1.320000,1.100000
0.212490,0.926850,-0.128030,1.320000,1.100000
0.211590,0.928170,-0.128520,1.320000,1.100000
0.210710,0.929480,-0.129000,1.320000,1.100000
0.209820,0.930780,-0.129470,1.320000,1.100000
0.208940,0.932070,-0.129920,1.320000,1.100000
0.208060,0.933340,-0.130370,1.320000,1.100000
0.207180,0.934600,-0.130800,1.320000,1.090000
0.206300,0.935850,-0.131220,1.320000,1.090000
0.205420,0.937080,-0.131620,1.320000,1.090000
0.204550,0.938290,-0.132010,1.320000,1.080000
0.203670,0.939480,-0.132370,1.320000,1.080000
0.202790,0.940660,-0.132710,1.320000,1.080000
0.201910,0.941800,-0.133030,1.320000,1.080000
0.201020,0.942920,-0.133310,1.320000,1.080000
0.200120,0.944010,-0.133550,1.320000,1.080000
0.199220,0.945070,-0.133760,1.320000,1.080000
0.198310,0.946090,-0.133930,1.320000,1.080000
0.197390,0.947080,-0.134060,1.320000,1.080000
0.196460,0.948030,-0.134140,1.320000,1.090000
0.195520,0.948940,-0.134180,1.320000,1.090000
0.194570,0.949810,-0.134170,1.320000,1.100000
0.193610,0.950630,-0.134100,1.320000,1.100000
0.192640,0.951410,-0.133990,1.320000,1.110000
0.191650,0.952140,-0.133830,1.320000,1.110000
0.190660,0.952830,-0.133610,1.320000,1.110000
0.189650,0.953460,-0.133330,1.320000,1.120000
0.188640,0.954050,-0.133000,1.320000,1.120000
0.187610,0.954580,-0.132610,1.320000,1.130000
0.186570,0.955060,-0.132170,1.320000,1.140000
0.185520,0.955490,-0.131670,1.320000,1.150000
0.184460,0.955880,-0.131120,1.320000,1.160000
0.183380,0.956230,-0.130530,1.320000,1.160000
0.182310,0.956540,-0.129900,1.320000,1.170000
0.181220,0.956820,-0.129220,1.320000,1.180000
0.180130,0.957060,-0.128510,1.320000,1.180000
0.179030,0.957280,-0.127760,1.320000,1.190000
0.177920,0.957470,-0.126980,1.320000,1.200000
0.176810,0.957630,-0.126180,1.320000,1.210000
0.175700,0.957780,-0.125350,1.320000,1.220000
0.174580,0.957890,-0.124490,1.320000,1.230000
0.173470,0.957990,-0.123600,1.320000,1.240000
0.172360,0.958050,-0.122690,1.320000,1.250000
0.171260,0.958100,-0.121750,1.320000,1.270000
0.170170,0.958110,-0.120790,1.320000,1.280000
0.169080,0.958090,-0.119800,1.320000,1.300000
0.168010,0.958050,-0.118790,1.320000,1.310000
0.166950,0.957980,-0.117760,1.320000,1.320000
0.165900,0.957870,-0.116700,1.320000,1.340000
0.164880,0.957750,-0.115630,1.320000,1.350000
0.163870,0.957600,-0.114540,1.320000,1.370000
0.162870,0.957440,-0.113460,1.320000,1.390000
0.161890,0.957270,-0.112370,1.320000,1.420000
0.160930,0.957110,-0.111290,1.320000,1.440000
0.159990,0.956940,-0.110220,1.320000,1.470000
0.159060,0.956790,-0.109180,1.320000,1.490000
0.158140,0.956650,-0.108160,1.320000,1.510000
0.157240,0.956540,-0.107180,1.320000,1.530000
0.156360,0.956450,-0.106230,1.320000,1.560000
0.155490,0.956380,-0.105310,1.320000,1.580000
0.154640,0.956320,-0.104420,1.320000,1.610000
0.153790,0.956280,-0.103540,1.320000,1.640000
0.152960,0.956230,-0.102670,1.320000,1.670000
0.152130,0.956180,-0.101800,1.320000,1.700000
0.151300,0.956120,-0.100930,1.320000,1.730000
0.150490,0.956040,-0.100040,1.320000,1.760000
0.149670,0.955940,-0.099130,1.320000,1.790000
0.148850,0.955800,-0.098190,1.320000,1.830000
0.148030,0.955630,-0.097220,1.320000,1.870000
0.147220,0.955430,-0.096210,1.320000,1.910000
0.146400,0.955200,-0.095180,1.320000,1.940000
0.145590,0.954950,-0.094140,1.320000,1.970000
0.144770,0.954690,-0.093080,1.320000,2.010000
0.143960,0.954410,-0.092010,1.320000,2.050000
0.143160,0.954130,-0.090940,1.320000,2.100000
0.142360,0.953850,-0.089880,1.320000,2.150000
0.141570,0.953580,-0.088830,1.320000,2.200000
0.140780,0.953320,-0.087800,1.320000,2.240000
0.140000,0.953070,-0.086790,1.320000,2.280000
0.139220,0.952830,-0.085790,1.320000,2.310000
0.138450,0.952600,-0.084800,1.320000,2.360000
0.137670,0.952360,-0.083800,1.320000,2.420000
0.136880,0.952120,-0.082800,1.320000,2.480000
0.136080,0.951860,-0.081770,1.320000,2.540000
0.135270,0.951580,-0.080710,1.320000,2.590000
0.134430,0.951280,-0.079610,1.320000,2.630000
0.133570,0.950940,-0.078470,1.320000,2.670000
0.132680,0.950560,-0.077270,1.320000,2.700000
0.131770,0.950140,-0.076000,1.320000,2.740000
0.130820,0.949650,-0.074640,1.320000,2.780000
0.129860,0.949060,-0.073180,1.320000,2.830000
0.128900,0.948350,-0.071590,1.320000,2.890000
0.127930,0.947490,-0.069860,1.320000,2.960000
0.126980,0.946460,-0.067950,1.320000,3.030000
0.126040,0.945220,-0.065860,1.320000,3.100000
0.125130,0.943770,-0.063550,1.320000,3.150000
0.124250,0.942060,-0.061020,1.320000,3.180000
0.123420,0.940070,-0.058230,1.320000,3.230000
0.122640,0.937790,-0.055190,1.320000,3.270000
0.121900,0.935260,-0.051910,1.320000,3.320000
0.121210,0.932510,-0.048460,1.320000,3.360000
0.120570,0.929590,-0.044870,1.320000,3.410000
0.119960,0.926550,-0.041180,1.320000,3.450000
0.119400,0.923420,-0.037450,1.320000,3.500000
0.118860,0.920260,-0.033710,1.320000,3.540000
0.118360,0.917110,-0.030020,1.320000,3.600000
0.117890,0.914010,-0.026410,1.320000,3.650000
0.117440,0.911010,-0.022930,1.320000,3.700000
0.117010,0.908130,-0.019610,1.320000,3.750000
0.116600,0.905300,-0.016370,1.320000,3.800000
0.116190,0.902450,-0.013120,1.320000,3.870000
0.115770,0.899500,-0.009770,1.320000,3.930000
0.115330,0.896340,-0.006230,1.320000,3.990000
0.114860,0.892910,-0.002400,1.320000,4.060000
0.114360,0.889120,0.001810,1.320000,4.130000
0.113800,0.884880,0.006500,1.320000,4.220000
0.113180,0.880110,0.011740,1.320000,4.300000
0.112490,0.874720,0.017650,1.320000,4.390000
0.111730,0.868660,0.024280,1.320000,4.500000
0.110880,0.861920,0.031630,1.320000,4.630000
0.109960,0.854530,0.039670,1.320000,4.740000
0.108970,0.846530,0.048360,1.320000,4.900000
0.107910,0.837930,0.057690,1.320000,5.090000
0.106770,0.828760,0.067610,1.320000,5.260000
0.105580,0.819050,0.078100,1.320000,5.480000
0.104320,0.808820,0.089120,1.320000,5.720000
0.103000,0.798110,0.100650,1.320000,6.010000
0.101630,0.786920,0.112660,1.320000,6.240000
0.100200,0.775330,0.125090,1.320000,6.580000
0.098740,0.763430,0.137810,1.320000,6.930000
0.097270,0.751390,0.150650,1.320000,7.310000
0.095800,0.739330,0.163470,1.320000,7.630000
0.094350,0.727420,0.176110,1.320000,8.090000
0.092940,0.715780,0.188390,1.320000,8.550000
0.091590,0.704570,0.200180,1.320000,9.030000
0.090320,0.693920,0.211300,1.320000,9.590000
0.089160,0.683990,0.221610,1.320000,10.000000
0.088100,0.674910,0.230940,1.320000,10.600000
0.087180,0.666770,0.239190,1.320000,11.200000
0.086380,0.659470,0.246490,1.320000,11.800000
0.085670,0.652820,0.253020,1.320000,12.500000
0.085030,0.646670,0.258960,1.320000,13.200000
0.084450,0.640840,0.264500,1.320000,13.700000
0.083900,0.635170,0.269830,1.320000,14.300000
0.083360,0.629480,0.275110,1.320000,15.100000
0.082810,0.623610,0.280540,1.320000,15.800000
0.082220,0.617390,0.286290,1.320000,16.500000
0.081590,0.610650,0.292560,1.320000,17.100000
0.080890,0.603270,0.299470,1.320000,17.800000
0.080130,0.595370,0.306920,1.320000,18.500000
0.079340,0.587080,0.314760,1.320000,19.200000
0.078540,0.578580,0.322840,1.320000,19.800000
0.077740,0.570010,0.331010,1.320000,20.300000
0.076970,0.561520,0.339120,1.320000,20.900000
0.076240,0.553290,0.347030,1.320000,21.500000
0.075580,0.545450,0.354570,1.320000,22.000000
0.075000,0.538170,0.361590,1.320000,22.600000
0.074530,0.531600,0.367960,1.320000,23.100000
0.074190,0.525890,0.373510,1.320000,23.600000
0.074000,0.521130,0.378150,1.320000,24.100000
0.074000,0.517400,0.381740,1.320000,24.500000
0.074220,0.514790,0.384190,1.320000,24.900000
0.074690,0.513380,0.385370,1.320000,25.300000
0.075440,0.513250,0.385190,1.320000,25.700000
0.076510,0.514500,0.383520,1.320000,26.100000
0.077930,0.517190,0.380250,1.320000,26.400000
0.079720,0.521420,0.375290,1.320000,26.700000
0.081920,0.527270,0.368500,1.320000,27.000000
0.084540,0.534760,0.359860,1.320000,27.300000
0.087510,0.543650,0.349650,1.320000,27.600000
0.090740,0.553630,0.338220,1.320000,27.800000
0.094130,0.564400,0.325920,1.320000,28.100000
0.097600,0.575650,0.313110,1.320000,28.400000
0.101040,0.587090,0.300150,1.320000,28.600000
0.104380,0.598400,0.287380,1.320000,28.800000
0.107510,0.609280,0.275160,1.320000,28.900000
0.110350,0.619440,0.263860,1.320000,29.100000
0.112810,0.628550,0.253810,1.320000,29.300000
0.114800,0.636400,0.245290,1.320000,29.400000
0.116370,0.643060,0.238210,1.320000,29.600000
0.117540,0.648680,0.232400,1.320000,29.700000
0.118360,0.653400,0.227690,1.320000,29.800000
0.118880,0.657390,0.223890,1.320000,29.900000
0.119130,0.660780,0.220830,1.320000,30.000000
0.119170,0.663720,0.218350,1.320000,30.100000
0.119030,0.666370,0.216260,1.320000,30.200000
0.118760,0.668880,0.214390,1.320000,30.300000
0.118410,0.671390,0.212560,1.320000,30.400000
0.118000,0.674030,0.210640,1.320000,30.400000
0.117550,0.676790,0.208620,1.320000,30.500000
0.117070,0.679640,0.206530,1.320000,30.500000
0.116560,0.682550,0.204380,1.320000,30.500000
0.116040,0.685480,0.202220,1.320000,30.500000
0.115500,0.688410,0.200060,1.320000,30.600000
0.114960,0.691300,0.197930,1.320000,30.600000
0.114420,0.694110,0.195860,1.320000,30.600000
0.113890,0.696830,0.193880,1.320000,30.600000
0.113360,0.699410,0.192000,1.320000,30.500000
0.112860,0.701830,0.190260,1.320000,30.500000
0.112370,0.704110,0.188640,1.320000,30.500000
0.111890,0.706260,0.187130,1.320000,30.500000
0.111410,0.708330,0.185700,1.320000,30.400000
0.110920,0.710310,0.184340,1.320000,30.400000
0.110420,0.712250,0.183040,1.320000,30.300000
0.109890,0.714160,0.181770,1.320000,30.200000
0.109340,0.716070,0.180520,1.320000,30.100000
0.108760,0.718000,0.179270,1.320000,30.100000
0.108130,0.719970,0.178000,1.320000,30.000000
0.107460,0.722010,0.176700,1.320000,29.800000
0.106750,0.724110,0.175370,1.320000,29.700000
0.106010,0.726280,0.173990,1.320000,29.600000
0.105260,0.728510,0.172560,1.320000,29.400000
0.104500,0.730800,0.171080,1.320000,29.200000
0.103740,0.733150,0.169540,1.320000,29.000000
0.103000,0.735560,0.167940,1.320000,28.700000
0.102280,0.738030,0.166270,1.320000,28.500000
0.101590,0.740550,0.164520,1.320000,28.300000
0.100950,0.743120,0.162690,1.320000,28.000000
0.100360,0.745740,0.160780,1.320000,27.800000
0.099820,0.748400,0.158800,1.320000,27.500000
0.099320,0.751090,0.156770,1.320000,27.200000
0.098850,0.753810,0.154690,1.320000,27.000000
0.098410,0.756530,0.152580,1.320000,26.600000
0.097980,0.759260,0.150470,1.320000,26.400000
0.097560,0.761980,0.148350,1.320000,26.100000
0.097150,0.764680,0.146240,1.320000,25.800000
0.096730,0.767350,0.144170,1.320000,25.600000
0.096300,0.769980,0.142140,1.320000,25.200000
0.095850,0.772570,0.140160,1.320000,25.000000
0.095380,0.775110,0.138240,1.320000,24.700000
0.094890,0.777620,0.136370,1.320000,24.400000
0.094370,0.780100,0.134540,1.320000,24.100000
0.093820,0.782550,0.132750,1.320000,23.900000
0.093250,0.784980,0.131000,1.320000,23.600000
0.092640,0.787390,0.129280,1.320000,23.300000
0.092010,0.789800,0.127590,1.320000,23.100000
0.091340,0.792200,0.125910,1.320000,22.700000
0.090640,0.794610,0.124260,1.320000,22.500000
0.089910,0.797030,0.122620,1.320000,22.200000
0.089140,0.799450,0.120990,1.320000,21.900000
0.088340,0.801890,0.119370,1.320000,21.600000
0.087510,0.804350,0.117740,1.320000,21.400000
0.086660,0.806830,0.116110,1.320000,21.100000
0.085790,0.809330,0.114460,1.320000,20.800000
0.084900,0.811860,0.112800,1.320000,20.500000
0.083990,0.814410,0.111110,1.320000,20.300000
0.083070,0.817000,0.109390,1.320000,20.000000
0.082140,0.819620,0.107650,1.320000,19.700000
0.081200,0.822280,0.105870,1.320000,19.500000
0.080260,0.824960,0.104060,1.320000,19.200000
0.079320,0.827650,0.102230,1.320000,19.000000
0.078380,0.830350,0.100400,1.320000,18.700000
0.077440,0.833030,0.098580,1.320000,18.500000
0.076510,0.835680,0.096770,1.320000,18.300000
0.075600,0.838300,0.094990,1.320000,18.000000
0.074700,0.840860,0.093240,1.320000,17.800000
0.073820,0.843360,0.091550,1.320000,17.600000
0.072970,0.845780,0.089910,1.320000,17.300000
0.072140,0.848120,0.088350,1.320000,17.100000
0.071330,0.850370,0.086850,1.320000,16.900000
0.070540,0.852560,0.085400,1.320000,16.700000
0.069780,0.854680,0.084000,1.320000,16.500000
0.069030,0.856740,0.082640,1.320000,16.200000
0.068300,0.858760,0.081320,1.320000,16.100000
0.067580,0.860750,0.080020,1.320000,15.800000
0.066870,0.862710,0.078730,1.320000,15.600000
0.066170,0.864640,0.077460,1.320000,15.500000
0.065470,0.866570,0.076190,1.320000,15.300000
0.064780,0.868500,0.074910,1.320000,15.000000
0.064100,0.870420,0.073630,1.320000,14.900000
0.063410,0.872350,0.072350,1.320000,14.700000
0.062720,0.874270,0.071070,1.320000,14.500000
0.062030,0.876180,0.069790,1.320000,14.300000
0.061330,0.878100,0.068520,1.320000,14.100000
0.060620,0.880000,0.067260,1.320000,14.000000
0.059900,0.881910,0.066010,1.320000,13.800000
0.059170,0.883800,0.064770,1.320000,13.600000
0.058420,0.885690,0.063540,1.320000,13.500000
0.057650,0.887580,0.062330,1.320000,13.300000
0.056870,0.889450,0.061140,1.320000,13.200000
0.056070,0.891310,0.059970,1.320000,13.000000
0.055260,0.893160,0.058810,1.320000,12.800000
0.054440,0.895000,0.057670,1.320000,12.700000
0.053620,0.896820,0.056540,1.320000,12.500000
0.052800,0.898620,0.055430,1.320000,12.400000
0.051970,0.900410,0.054340,1.320000,12.200000
0.051150,0.902180,0.053260,1.320000,12.100000
0.050330,0.903920,0.052200,1.320000,11.900000
0.049510,0.905640,0.051160,1.320000,11.800000
0.048710,0.907340,0.050120,1.320000,11.700000
0.047910,0.909020,0.049100,1.320000,11.500000
0.047130,0.910690,0.048090,1.320000,11.400000
0.046350,0.912340,0.047080,1.320000,11.300000
0.045580,0.913980,0.046080,1.320000,11.100000
0.044820,0.915610,0.045070,1.320000,11.000000
0.044070,0.917240,0.044070,1.320000,10.900000
0.043330,0.918860,0.043070,1.320000,10.800000
0.042600,0.920490,0.042060,1.320000,10.600000
0.041880,0.922110,0.041040,1.320000,10.500000
0.041180,0.923730,0.040020,1.320000,10.400000
0.040480,0.925350,0.039000,1.320000,10.300000
0.039790,0.926970,0.037970,1.320000,10.200000
0.039110,0.928590,0.036950,1.320000,10.100000
0.038430,0.930190,0.035920,1.320000,10.000000
0.037770,0.931790,0.034900,1.320000,9.910000
0.037100,0.933380,0.033890,1.320000,9.840000
0.036440,0.934960,0.032890,1.320000,9.750000
0.035780,0.936520,0.031890,1.320000,9.660000
0.035130,0.938070,0.030910,1.320000,9.560000
0.034470,0.939610,0.029940,1.320000,9.480000
0.033820,0.941130,0.028990,1.320000,9.380000
0.033160,0.942640,0.028040,1.320000,9.310000
0.032510,0.944130,0.027110,1.320000,9.200000
0.031850,0.945620,0.026180,1.320000,9.130000
0.031190,0.947090,0.025270,1.320000,9.050000
0.030530,0.948550,0.024380,1.320000,8.980000
0.029860,0.950000,0.023490,1.320000,8.900000
0.029190,0.951440,0.022610,1.320000,8.820000
0.028520,0.952870,0.021750,1.320000,8.740000
0.027840,0.954290,0.020890,1.320000,8.670000
0.027160,0.955700,0.020050,1.320000,8.590000
0.026470,0.957100,0.019220,1.320000,8.510000
0.025790,0.958490,0.018390,1.320000,8.450000
0.025100,0.959870,0.017580,1.320000,8.360000
0.024410,0.961240,0.016780,1.320000,8.300000
0.023730,0.962590,0.015980,1.320000,8.230000
0.023040,0.963940,0.015200,1.320000,8.160000
0.022360,0.965270,0.014420,1.320000,8.100000
0.021670,0.966590,0.013650,1.320000,8.040000
0.020990,0.967890,0.012890,1.320000,7.960000
0.020320,0.969180,0.012150,1.320000,7.890000
0.019650,0.970450,0.011420,1.320000,7.830000
0.018980,0.971700,0.010710,1.320000,7.770000
0.018330,0.972920,0.010030,1.320000,7.710000
0.017680,0.974120,0.009360,1.320000,7.650000
0.017030,0.975290,0.008730,1.320000,7.610000
0.016400,0.976420,0.008120,1.320000,7.550000
0.015780,0.977520,0.007550,1.320000,7.500000
0.015170,0.978590,0.007010,1.320000,7.430000
0.014560,0.979620,0.006510,1.320000,7.370000
0.013970,0.980620,0.006040,1.320000,7.320000
0.013390,0.981590,0.005600,1.320000,7.250000
0.012820,0.982530,0.005190,1.320000,7.200000
0.012250,0.983430,0.004810,1.320000,7.160000
0.011700,0.984310,0.004450,1.320000,7.120000
0.011150,0.985160,0.004120,1.320000,7.080000
0.010610,0.985990,0.003810,1.320000,7.040000
0.010070,0.986790,0.003520,1.320000,6.990000
0.009540,0.987560,0.003250,1.320000,6.940000
0.009020,0.988320,0.003000,1.320000,6.910000
0.008500,0.989060,0.002760,1.320000,6.870000
0.007980,0.989780,0.002540,1.320000,6.830000
0.007470,0.990480,0.002330,1.320000,6.780000
0.006970,0.991180,0.002130,1.320000,6.740000
0.006460,0.991860,0.001940,1.320000,6.710000
0.005950,0.992530,0.001750,1.320000,6.700000
0.005450,0.993200,0.001570,1.320000,6.650000
0.004940,0.993870,0.001400,1.320000,6.630000
0.004440,0.994530,0.001220,1.320000,6.600000
0.003930,0.995180,0.001050,1.320000,6.570000
0.003430,0.995830,0.000880,1.320000,6.530000
0.002930,0.996470,0.000710,1.320000,6.500000
0.002430,0.997100,0.000560,1.320000,6.470000
0.001930,0.997720,0.000420,1.320000,6.450000
0.001440,0.998320,0.000290,1.320000,6.420000
0.000950,0.998900,0.000170,1.320000,6.400000
0.000470,0.999460,0.000080,1.320000,6.360000
0.000000,1.000000,0.000000,1.320000,6.350000
-0.000460,1.000500,-0.000060,1.320000,6.310000
-0.000920,1.001000,-0.000090,1.320000,6.280000
-0.001370,1.001500,-0.000120,1.320000,6.250000
-0.001820,1.001900,-0.000130,1.320000,6.210000
-0.002260,1.002400,-0.000130,1.320000,6.190000
-0.002700,1.002800,-0.000130,1.320000,6.160000
-0.003130,1.003300,-0.000120,1.320000,6.130000
-0.003560,1.003700,-0.000110,1.320000,6.120000
-0.004000,1.004100,-0.000110,1.320000,6.090000
-0.004430,1.004600,-0.000120,1.320000,6.080000
-0.004860,1.005000,-0.000130,1.320000,6.050000
-0.005290,1.005500,-0.000150,1.320000,6.050000
-0.005730,1.005900,-0.000180,1.320000,6.020000
-0.006160,1.006400,-0.000210,1.320000,6.010000
-0.006590,1.006800,-0.000250,1.320000,5.980000
-0.007020,1.007300,-0.000290,1.320000,5.970000
-0.007440,1.007800,-0.000330,1.320000,5.950000
-0.007860,1.008200,-0.000360,1.320000,5.940000
-0.008280,1.008600,-0.000400,1.320000,5.920000
-0.008690,1.009100,-0.000430,1.320000,5.910000
-0.009100,1.009500,-0.000450,1.320000,5.890000
-0.009500,1.009900,-0.000470,1.320000,5.880000
-0.009900,1.010300,-0.000480,1.320000,5.850000
-0.010290,1.010700,-0.000480,1.320000,5.830000
-0.010670,1.011100,-0.000470,1.320000,5.800000
-0.011040,1.011400,-0.000450,1.320000,5.790000
-0.011400,1.011700,-0.000430,1.320000,5.750000
-0.011760,1.012100,-0.000380,1.320000,5.750000
-0.012110,1.012400,-0.000330,1.320000,5.720000
-0.012450,1.012700,-0.000270,1.320000,5.710000
-0.012770,1.012900,-0.000190,1.320000,5.690000
-0.013090,1.013200,-0.000090,1.320000,5.680000
-0.013400,1.013400,0.000010,1.320000,5.660000
-0.013710,1.013600,0.000130,1.320000,5.660000
-0.014010,1.013900,0.000250,1.320000,5.640000
-0.014300,1.014100,0.000380,1.320000,5.650000
-0.014600,1.014300,0.000520,1.320000,5.630000
-0.014890,1.014400,0.000670,1.320000,5.630000
-0.015180,1.014600,0.000820,1.320000,5.620000
-0.015470,1.014800,0.000980,1.320000,5.620000
-0.015770,1.015000,0.001130,1.320000,5.600000
-0.016070,1.015100,0.001300,1.320000,5.610000
-0.016360,1.015300,0.001460,1.320000,5.600000
-0.016670,1.015500,0.001640,1.320000,5.600000
-0.016970,1.015600,0.001820,1.320000,5.580000
-0.017270,1.015800,0.002010,1.320000,5.580000
-0.017580,1.015900,0.002210,1.320000,5.560000
-0.017890,1.016000,0.002430,1.320000,5.560000
-0.018200,1.016100,0.002660,1.320000,5.550000
-0.018510,1.016200,0.002900,1.320000,5.550000
-0.018820,1.016300,0.003160,1.320000,5.540000
-0.019140,1.016400,0.003440,1.320000,5.540000
-0.019450,1.016400,0.003730,1.320000,5.530000
-0.019760,1.016500,0.004030,1.320000,5.530000
-0.020070,1.016500,0.004350,1.320000,5.530000
-0.020370,1.016500,0.004680,1.320000,5.530000
-0.020670,1.016500,0.005030,1.320000,5.530000
-0.020970,1.016400,0.005380,1.320000,5.530000
-0.021260,1.016400,0.005750,1.320000,5.520000
-0.021540,1.016300,0.006130,1.320000,5.520000
-0.021820,1.016200,0.006510,1.320000,5.520000
-0.022080,1.016200,0.006910,1.320000,5.530000
-0.022350,1.016100,0.007310,1.320000,5.520000
-0.022600,1.016000,0.007730,1.320000,5.520000
-0.022850,1.015800,0.008150,1.320000,5.520000
-0.023100,1.015700,0.008570,1.320000,5.520000
-0.023340,1.015600,0.009010,1.320000,5.510000
-0.023580,1.015400,0.009450,1.320000,5.530000
-0.023820,1.015300,0.009900,1.320000,5.510000
-0.024060,1.015100,0.010350,1.320000,5.520000
-0.024300,1.014900,0.010810,1.320000,5.520000
-0.024540,1.014800,0.011270,1.320000,5.520000
-0.024780,1.014600,0.011740,1.320000,5.510000
-0.025020,1.014400,0.012220,1.320000,5.520000
-0.025250,1.014200,0.012710,1.320000,5.520000
-0.025480,1.014000,0.013210,1.320000,5.540000
-0.025710,1.013700,0.013730,1.310000,5.540000
-0.025930,1.013500,0.014250,1.310000,5.540000
-0.026150,1.013200,0.014800,1.310000,5.560000
-0.026360,1.012900,0.015350,1.310000,5.570000
-0.026570,1.012600,0.015930,1.310000,5.580000
-0.026770,1.012300,0.016520,1.310000,5.610000
-0.026970,1.012000,0.017130,1.310000,5.610000
-0.027160,1.011600,0.017750,1.310000,5.630000
-0.027350,1.011200,0.018390,1.310000,5.640000
-0.027530,1.010800,0.019040,1.310000,5.660000
-0.027710,1.010400,0.019710,1.310000,5.670000
-0.027880,1.009900,0.020390,1.310000,5.690000
-0.028050,1.009500,0.021080,1.310000,5.700000
-0.028220,1.009000,0.021790,1.310000,5.730000
-0.028390,1.008500,0.022510,1.310000,5.750000
-0.028550,1.008000,0.023250,1.310000,5.770000
-0.028720,1.007500,0.023990,1.310000,5.780000
-0.028880,1.006900,0.024750,1.310000,5.800000
-0.029050,1.006400,0.025520,1.310000,5.810000
-0.029210,1.005800,0.026300,1.310000,5.830000
-0.029380,1.005200,0.027100,1.310000,5.840000
-0.029560,1.004600,0.027910,1.310000,5.880000
-0.029730,1.004000,0.028730,1.310000,5.890000
-0.029910,1.003400,0.029560,1.310000,5.930000
-0.030100,1.002700,0.030410,1.310000,5.950000
-0.030300,1.002100,0.031270,1.310000,5.970000
-0.030500,1.001400,0.032140,1.310000,6.000000
-0.030720,1.000700,0.033020,1.310000,6.030000
-0.030950,1.000000,0.033910,1.310000,6.050000
-0.031200,0.999340,0.034820,1.310000,6.090000
-0.031470,0.998650,0.035730,1.310000,6.100000
-0.031760,0.997950,0.036660,1.310000,6.140000
-0.032070,0.997260,0.037590,1.310000,6.170000
-0.032410,0.996570,0.038530,1.310000,6.200000
-0.032780,0.995890,0.039480,1.310000,6.220000
-0.033170,0.995210,0.040440,1.310000,6.260000
-0.033570,0.994530,0.041410,1.310000,6.280000
-0.034000,0.993840,0.042390,1.310000,6.340000
-0.034430,0.993150,0.043380,1.310000,6.370000
-0.034860,0.992450,0.044370,1.310000,6.390000
-0.035290,0.991740,0.045380,1.310000,6.450000
-0.035720,0.991020,0.046400,1.310000,6.490000
-0.036140,0.990270,0.047420,1.310000,6.520000
-0.036550,0.989510,0.048460,1.310000,6.570000
-0.036940,0.988730,0.049500,1.310000,6.620000
-0.037310,0.987920,0.050550,1.310000,6.660000
-0.037670,0.987110,0.051610,1.310000,6.690000
-0.038020,0.986280,0.052680,1.310000,6.750000
-0.038350,0.985440,0.053740,1.310000,6.800000
-0.038680,0.984600,0.054810,1.310000,6.840000
-0.039010,0.983760,0.055880,1.310000,6.900000
-0.039340,0.982920,0.056950,1.310000,6.960000
-0.039660,0.982080,0.058020,1.310000,7.000000
-0.039990,0.981260,0.059080,1.310000,7.050000
-0.040320,0.980450,0.060130,1.310000,7.110000
-0.040660,0.979660,0.061180,1.310000,7.180000
-0.041010,0.978870,0.062230,1.310000,7.240000
-0.041360,0.978100,0.063280,1.310000,7.270000
-0.041710,0.977330,0.064330,1.310000,7.340000
-0.042080,0.976560,0.065380,1.310000,7.410000
-0.042450,0.975800,0.066430,1.310000,7.480000
-0.042830,0.975040,0.067490,1.310000,7.540000
-0.043220,0.974280,0.068560,1.310000,7.590000
-0.043620,0.973510,0.069640,1.310000,7.670000
-0.044020,0.972750,0.070730,1.310000,7.730000
-0.044430,0.971970,0.071830,1.310000,7.780000
-0.044850,0.971190,0.072940,1.310000,7.830000
-0.045270,0.970400,0.074060,1.310000,7.890000
-0.045690,0.969610,0.075200,1.310000,7.950000
-0.046110,0.968800,0.076340,1.310000,8.000000
-0.046530,0.967990,0.077500,1.310000,8.050000
-0.046950,0.967170,0.078660,1.310000,8.100000
-0.047360,0.966330,0.079840,1.310000,8.160000
-0.047770,0.965490,0.081030,1.310000,8.210000
-0.048170,0.964630,0.082230,1.310000,8.240000
-0.048560,0.963760,0.083430,1.310000,8.260000
-0.048940,0.962880,0.084650,1.310000,8.320000
-0.049320,0.961980,0.085880,1.310000,8.350000
-0.049700,0.961070,0.087130,1.310000,8.390000
-0.050070,0.960150,0.088380,1.310000,8.430000
-0.050450,0.959220,0.089650,1.310000,8.450000
-0.050820,0.958280,0.090940,1.310000,8.480000
-0.051190,0.957320,0.092230,1.310000,8.510000
-0.051560,0.956350,0.093540,1.310000,8.540000
-0.051930,0.955360,0.094870,1.310000,8.560000
-0.052300,0.954380,0.096190,1.310000,8.590000
-0.052670,0.953400,0.097510,1.310000,8.620000
-0.053030,0.952440,0.098820,1.310000,8.640000
-0.053370,0.951500,0.100090,1.310000,8.670000
-0.053710,0.950610,0.101320,1.310000,8.690000
-0.054020,0.949760,0.102510,1.310000,8.720000
-0.054310,0.948970,0.103630,1.310000,8.740000
-0.054580,0.948250,0.104680,1.310000,8.760000
-0.054820,0.947600,0.105650,1.310000,8.780000
-0.055030,0.947040,0.106530,1.310000,8.780000
-0.055230,0.946550,0.107340,1.310000,8.780000
-0.055410,0.946090,0.108100,1.310000,8.790000
-0.055600,0.945670,0.108840,1.310000,8.810000
-0.055810,0.945240,0.109570,1.310000,8.810000
-0.056040,0.944790,0.110320,1.310000,8.810000
-0.056320,0.944310,0.111120,1.310000,8.810000
-0.056650,0.943760,0.111980,1.310000,8.800000
-0.057050,0.943120,0.112930,1.310000,8.800000
-0.057520,0.942380,0.113990,1.310000,8.790000
-0.058080,0.941520,0.115170,1.310000,8.780000
-0.058710,0.940560,0.116460,1.310000,8.770000
-0.059390,0.939520,0.117830,1.310000,8.750000
-0.060110,0.938440,0.119240,1.310000,8.750000
-0.060840,0.937340,0.120680,1.310000,8.740000
-0.061560,0.936250,0.122110,1.310000,8.740000
-0.062270,0.935190,0.123500,1.310000,8.740000
-0.062930,0.934190,0.124830,1.310000,8.740000
-0.063530,0.933290,0.126070,1.310000,8.750000
-0.064060,0.932500,0.127190,1.310000,8.760000
-0.064490,0.931850,0.128160,1.310000,8.780000
-0.064840,0.931330,0.129010,1.310000,8.790000
-0.065120,0.930940,0.129730,1.310000,8.790000
-0.065340,0.930650,0.130340,1.310000,8.800000
-0.065530,0.930450,0.130870,1.310000,8.790000
-0.065690,0.930340,0.131310,1.310000,8.810000
-0.065840,0.930310,0.131690,1.310000,8.820000
-0.065990,0.930330,0.132020,1.310000,8.840000
-0.066160,0.930400,0.132320,1.310000,8.850000
-0.066360,0.930510,0.132590,1.310000,8.850000
-0.066610,0.930630,0.132850,1.310000,8.860000
-0.066890,0.930760,0.133120,1.310000,8.870000
-0.067190,0.930870,0.133410,1.310000,8.870000
-0.067490,0.930940,0.133730,1.310000,8.880000
-0.067780,0.930950,0.134100,1.310000,8.890000
-0.068050,0.930870,0.134530,1.310000,8.900000
-0.068290,0.930690,0.135030,1.310000,8.920000
-0.068470,0.930380,0.135620,1.310000,8.950000
-0.068590,0.929910,0.136310,1.310000,8.970000
-0.068630,0.929280,0.137110,1.310000,9.010000
-0.068580,0.928460,0.138040,1.310000,9.030000
-0.068450,0.927470,0.139080,1.310000,9.110000
-0.068240,0.926340,0.140210,1.310000,9.150000
-0.067960,0.925080,0.141410,1.310000,9.200000
-0.067630,0.923720,0.142670,1.310000,9.260000
-0.067240,0.922280,0.143960,1.310000,9.320000
-0.066820,0.920790,0.145280,1.310000,9.380000
-0.066360,0.919270,0.146590,1.310000,9.460000
-0.065880,0.917740,0.147880,1.310000,9.540000
-0.065380,0.916230,0.149130,1.310000,9.630000
-0.064870,0.914750,0.150340,1.310000,9.720000
-0.064360,0.913280,0.151510,1.310000,9.820000
-0.063830,0.911800,0.152670,1.310000,9.940000
-0.063280,0.910280,0.153850,1.310000,10.100000
-0.062720,0.908700,0.155080,1.310000,10.200000
-0.062140,0.907030,0.156370,1.310000,10.300000
-0.061540,0.905240,0.157740,1.310000,10.400000
-0.060910,0.903310,0.159240,1.310000,10.600000
-0.060250,0.901220,0.160870,1.310000,10.800000
-0.059560,0.898930,0.162660,1.310000,10.900000
-0.058840,0.896430,0.164640,1.310000,11.100000
-0.058100,0.893700,0.166830,1.310000,11.400000
-0.057350,0.890730,0.169240,1.310000,11.600000
-0.056600,0.887500,0.171890,1.310000,11.800000
-0.055860,0.884020,0.174800,1.310000,12.100000
-0.055140,0.880260,0.177990,1.310000,12.400000
-0.054470,0.876220,0.181470,1.310000,12.700000
-0.053840,0.871890,0.185260,1.310000,13.000000
-0.053270,0.867250,0.189380,1.310000,13.300000
-0.052770,0.862300,0.193850,1.310000,13.800000
-0.052350,0.857010,0.198680,1.310000,14.100000
-0.051980,0.851340,0.203900,1.310000,14.800000
-0.051630,0.845250,0.209540,1.310000,15.300000
-0.051280,0.838680,0.215610,1.310000,15.900000
-0.050900,0.831580,0.222140,1.310000,16.400000
-0.050450,0.823900,0.229160,1.310000,17.100000
-0.049920,0.815590,0.236680,1.310000,17.700000
-0.049260,0.806600,0.244740,1.310000,18.500000
-0.048450,0.796880,0.253350,1.310000,19.300000
-0.047470,0.786380,0.262540,1.310000,20.500000
-0.046280,0.775060,0.272320,1.310000,21.500000
-0.044890,0.762970,0.282650,1.310000,22.500000
-0.043310,0.750170,0.293470,1.310000,23.700000
-0.041540,0.736700,0.304740,1.310000,24.800000
-0.039590,0.722640,0.316390,1.310000,26.200000
-0.037480,0.708040,0.328370,1.310000,27.500000
-0.035190,0.692950,0.340620,1.310000,29.700000
-0.032760,0.677430,0.353100,1.310000,31.400000
-0.030170,0.661550,0.365740,1.310000,33.200000
-0.027430,0.645360,0.378500,1.310000,35.000000
-0.024570,0.628910,0.391330,1.310000,37.300000
-0.021620,0.612240,0.404210,1.310000,39.300000
-0.018610,0.595350,0.417160,1.310000,42.700000
-0.015590,0.578280,0.430180,1.310000,45.300000
-0.012590,0.561050,0.443260,1.310000,47.900000
-0.009660,0.543670,0.456410,1.310000,50.600000
-0.006850,0.526180,0.469640,1.310000,53.600000
-0.004180,0.508590,0.482930,1.310000,57.600000
-0.001710,0.490920,0.496310,1.310000,60.900000
0.000530,0.473190,0.509760,1.310000,64.000000
0.002520,0.455440,0.523290,1.310000,67.200000
0.004290,0.437700,0.536840,1.310000,70.600000
0.005900,0.420020,0.550350,1.310000,75.000000
0.007420,0.402450,0.563760,1.310000,78.400000
0.008900,0.385030,0.577020,1.310000,81.600000
0.010410,0.367810,0.590050,1.310000,84.700000
0.011990,0.350830,0.602820,1.310000,87.500000
0.013720,0.334150,0.615240,1.310000,91.900000
0.015640,0.317790,0.627280,1.310000,94.600000
0.017830,0.301830,0.638850,1.310000,97.200000
0.020310,0.286300,0.649920,1.310000,100.000000
0.023040,0.271280,0.660430,1.310000,103.000000
0.025990,0.256880,0.670350,1.310000,106.000000
0.029070,0.243180,0.679640,1.310000,108.000000
0.032250,0.230280,0.688270,1.310000,110.000000
0.035450,0.218250,0.696190,1.310000,112.000000
0.038630,0.207200,0.703360,1.310000,114.000000
0.041730,0.197220,0.709750,1.310000,116.000000
0.044680,0.188400,0.715310,1.310000,117.000000
0.047440,0.180820,0.720020,1.310000,119.000000
0.049950,0.174540,0.723850,1.310000,120.000000
0.052220,0.169500,0.726850,1.310000,122.000000
0.054270,0.165590,0.729100,1.310000,123.000000
0.056110,0.162690,0.730660,1.310000,124.000000
0.057770,0.160710,0.731610,1.310000,125.000000
0.059240,0.159540,0.732020,1.310000,126.000000
0.060560,0.159080,0.731970,1.310000,127.000000
0.061740,0.159210,0.731520,1.310000,128.000000
0.062790,0.159830,0.730740,1.310000,128.000000
0.063730,0.160830,0.729720,1.310000,129.000000
0.064580,0.162130,0.728500,1.310000,129.000000
0.065340,0.163660,0.727140,1.310000,130.000000
0.066050,0.165380,0.725650,1.310000,130.000000
0.066710,0.167240,0.724080,1.310000,130.000000
0.067340,0.169210,0.722440,1.310000,130.000000
0.067950,0.171240,0.720780,1.310000,131.000000
0.068560,0.173270,0.719120,1.310000,131.000000
0.069190,0.175280,0.717480,1.310000,131.000000
0.069850,0.177210,0.715910,1.310000,131.000000
0.070550,0.179020,0.714430,1.310000,130.000000
0.071310,0.180680,0.713060,1.310000,130.000000
0.072110,0.182220,0.711790,1.310000,130.000000
0.072910,0.183660,0.710610,1.310000,130.000000
0.073690,0.185070,0.709490,1.310000,129.000000
0.074420,0.186460,0.708410,1.310000,129.000000
0.075080,0.187890,0.707360,1.310000,128.000000
0.075630,0.189390,0.706320,1.310000,128.000000
0.076050,0.190990,0.705260,1.310000,127.000000
0.076310,0.192750,0.704180,1.310000,126.000000
0.076390,0.194700,0.703040,1.310000,126.000000
0.076260,0.196870,0.701840,1.310000,125.000000
0.075950,0.199230,0.700570,1.310000,124.000000
0.075490,0.201750,0.699250,1.310000,123.000000
0.074930,0.204390,0.697890,1.310000,122.000000
0.074300,0.207120,0.696480,1.310000,122.000000
0.073630,0.209900,0.695050,1.310000,121.000000
0.072960,0.212710,0.693590,1.310000,120.000000
0.072320,0.215490,0.692110,1.310000,119.000000
0.071750,0.218230,0.690630,1.310000,118.000000
0.071290,0.220880,0.689150,1.310000,117.000000
0.070950,0.223410,0.687670,1.310000,116.000000
0.070740,0.225840,0.686190,1.310000,115.000000
0.070640,0.228190,0.684720,1.310000,114.000000
0.070630,0.230460,0.683250,1.310000,113.000000
0.070690,0.232670,0.681780,1.310000,112.000000
0.070800,0.234840,0.680300,1.310000,111.000000
0.070950,0.236990,0.678820,1.310000,110.000000
0.071130,0.239140,0.677330,1.310000,109.000000
0.071310,0.241290,0.675820,1.310000,108.000000
0.071470,0.243470,0.674300,1.310000,107.000000
0.071610,0.245690,0.672760,1.310000,106.000000
0.071710,0.247960,0.671200,1.310000,104.000000
0.071780,0.250290,0.669620,1.310000,104.000000
0.071800,0.252670,0.668020,1.310000,102.000000
0.071780,0.255130,0.666380,1.310000,101.000000
0.071710,0.257660,0.664710,1.310000,101.000000
0.071590,0.260270,0.663010,1.310000,99.300000
0.071410,0.262970,0.661260,1.310000,98.300000
0.071160,0.265760,0.659480,1.310000,97.100000
0.070860,0.268660,0.657650,1.310000,96.300000
0.070480,0.271660,0.655770,1.310000,94.900000
0.070040,0.274760,0.653850,1.310000,94.100000
0.069530,0.277960,0.651880,1.310000,93.400000
0.068960,0.281260,0.649870,1.310000,92.100000
0.068330,0.284660,0.647810,1.310000,91.200000
0.067630,0.288150,0.645710,1.310000,90.100000
0.066890,0.291730,0.643570,1.310000,89.300000
0.066080,0.295390,0.641380,1.310000,88.000000
0.065230,0.299140,0.639160,1.310000,87.300000
0.064320,0.302970,0.636890,1.310000,86.100000
0.063370,0.306870,0.634590,1.310000,85.300000
0.062390,0.310830,0.632260,1.310000,84.600000
0.061390,0.314820,0.629900,1.310000,83.400000
0.060410,0.318840,0.627520,1.310000,82.600000
0.059440,0.322850,0.625120,1.310000,81.500000
0.058530,0.326830,0.622710,1.310000,80.800000
0.057670,0.330780,0.620300,1.310000,79.700000
0.056900,0.334660,0.617890,1.310000,79.000000
0.056230,0.338460,0.615480,1.310000,78.000000
0.055680,0.342150,0.613080,1.310000,77.200000
0.055260,0.345730,0.610700,1.310000,76.300000
0.054960,0.349190,0.608340,1.310000,75.600000
0.054780,0.352550,0.605990,1.310000,74.600000
0.054690,0.355830,0.603660,1.310000,73.900000
0.054690,0.359020,0.601330,1.310000,73.000000
0.054760,0.362140,0.599020,1.310000,72.300000
0.054890,0.365210,0.596720,1.310000,71.400000
0.055060,0.368220,0.594430,1.310000,70.800000
0.055270,0.371200,0.592150,1.310000,69.900000
0.055500,0.374160,0.589880,1.310000,69.200000
0.055740,0.377100,0.587620,1.310000,68.700000
0.055980,0.380020,0.585360,1.310000,67.800000
0.056210,0.382940,0.583110,1.310000,66.900000
0.056430,0.385860,0.580870,1.310000,66.300000
0.056640,0.388770,0.578640,1.310000,65.500000
0.056830,0.391680,0.576410,1.310000,64.900000
0.057000,0.394600,0.574200,1.310000,64.100000
0.057130,0.397530,0.572010,1.310000,63.600000
0.057220,0.400460,0.569820,1.310000,62.800000
0.057270,0.403420,0.567650,1.310000,62.300000
0.057280,0.406390,0.565490,1.310000,61.600000
0.057240,0.409370,0.563340,1.310000,61.100000
0.057170,0.412360,0.561210,1.310000,60.300000
0.057070,0.415360,0.559090,1.310000,59.800000
0.056940,0.418360,0.556980,1.310000,59.100000
0.056800,0.421350,0.554880,1.310000,58.600000
0.056640,0.424330,0.552790,1.310000,57.900000
0.056470,0.427300,0.550720,1.310000,57.500000
0.056300,0.430250,0.548650,1.310000,56.800000
0.056140,0.433180,0.546600,1.310000,56.300000
0.055990,0.436080,0.544560,1.310000,55.700000
0.055840,0.438950,0.542530,1.310000,55.000000
0.055700,0.441790,0.540520,1.310000,54.600000
0.055570,0.444580,0.538530,1.310000,54.000000
0.055440,0.447340,0.536580,1.310000,53.600000
0.055320,0.450050,0.534650,1.310000,52.900000
0.055190,0.452710,0.532770,1.310000,52.600000
0.055070,0.455320,0.530930,1.310000,52.000000
0.054940,0.457870,0.529130,1.310000,51.400000
0.054810,0.460360,0.527390,1.310000,51.000000
0.054670,0.462790,0.525700,1.310000,50.500000
0.054520,0.465160,0.524070,1.310000,50.100000
0.054370,0.467480,0.522490,1.310000,49.500000
0.054210,0.469740,0.520960,1.310000,49.200000
0.054040,0.471950,0.519480,1.310000,48.600000
0.053850,0.474120,0.518040,1.310000,48.100000
0.053650,0.476250,0.516640,1.310000,47.700000
0.053440,0.478340,0.515270,1.310000,47.200000
0.053210,0.480400,0.513950,1.310000,46.900000
0.052960,0.482430,0.512650,1.310000,46.400000
0.052700,0.484430,0.511390,1.310000,45.800000
0.052410,0.486400,0.510150,1.310000,45.500000
0.052110,0.488350,0.508940,1.300000,45.000000
0.051800,0.490270,0.507770,1.300000,44.700000
0.051470,0.492160,0.506620,1.300000,44.300000
0.051120,0.494020,0.505500,1.300000,43.800000
0.050760,0.495860,0.504400,1.300000,43.500000
0.050390,0.497670,0.503340,1.300000,43.000000
0.050010,0.499450,0.502300,1.300000,42.700000
0.049620,0.501210,0.501280,1.300000,42.300000
0.049220,0.502940,0.500300,1.300000,41.900000
0.048800,0.504640,0.499340,1.300000,41.600000
0.048380,0.506310,0.498410,1.300000,41.200000
0.047940,0.507960,0.497500,1.300000,40.700000
0.047480,0.509580,0.496630,1.300000,40.500000
0.047000,0.511190,0.495780,1.300000,40.000000
0.046500,0.512770,0.494970,1.300000,39.800000
0.045980,0.514330,0.494180,1.300000,39.300000
0.045430,0.515870,0.493430,1.300000,38.900000
0.044860,0.517390,0.492710,1.300000,38.700000
0.044260,0.518900,0.492020,1.300000,38.300000
0.043640,0.520370,0.491370,1.300000,37.900000
0.043000,0.521810,0.490760,1.300000,37.600000
0.042360,0.523200,0.490200,1.300000,37.300000
0.041730,0.524540,0.489690,1.300000,36.900000
0.041110,0.525800,0.489230,1.300000,36.600000
0.040510,0.527000,0.488830,1.300000,36.300000
0.039940,0.528100,0.488490,1.300000,35.900000
0.039400,0.529110,0.488220,1.300000,35.700000
0.038920,0.530010,0.488020,1.300000,35.400000
0.038480,0.530800,0.487890,1.300000,35.000000
0.038100,0.531480,0.487840,1.300000,34.800000
0.037760,0.532070,0.487850,1.300000,34.500000
0.037450,0.532570,0.487920,1.300000,34.100000
0.037190,0.532980,0.488030,1.300000,33.900000
0.036950,0.533330,0.488200,1.300000,33.600000
0.036730,0.533620,0.488400,1.300000,33.300000
0.036530,0.533850,0.488640,1.300000,33.100000
0.036350,0.534040,0.488910,1.300000,32.800000
0.036170,0.534200,0.489190,1.300000,32.500000
0.036000,0.534330,0.489500,1.300000,32.300000
0.035830,0.534450,0.489810,1.300000,32.000000
0.035670,0.534550,0.490120,1.300000,31.700000
0.035500,0.534660,0.490430,1.300000,31.500000
0.035340,0.534770,0.490730,1.300000,31.300000
0.035180,0.534890,0.491010,1.300000,31.000000
0.035020,0.535040,0.491260,1.300000,30.700000
0.034860,0.535210,0.491490,1.300000,30.500000
0.034700,0.535420,0.491670,1.300000,30.300000
0.034540,0.535670,0.491820,1.300000,30.000000
0.034380,0.535960,0.491910,1.300000,29.800000
0.034210,0.536280,0.491990,1.300000,29.600000
0.034050,0.536600,0.492060,1.300000,29.300000
0.033890,0.536890,0.492170,1.300000,29.100000
0.033720,0.537120,0.492340,1.300000,28.900000
0.033560,0.537270,0.492590,1.300000,28.700000
0.033390,0.537310,0.492960,1.300000,28.400000
0.033220,0.537210,0.493470,1.300000,28.200000
0.033060,0.536950,0.494150,1.300000,28.000000
0.032890,0.536500,0.495020,1.300000,27.800000
0.032720,0.535840,0.496110,1.300000,27.500000
0.032560,0.535010,0.497390,1.300000,27.400000
0.032400,0.534040,0.498800,1.300000,27.100000
0.032250,0.532960,0.500320,1.300000,26.900000
0.032120,0.531830,0.501900,1.300000,26.700000
0.032010,0.530660,0.503510,1.300000,26.600000
0.031920,0.529520,0.505100,1.300000,26.400000
0.031850,0.528420,0.506630,1.300000,26.200000
0.031810,0.527420,0.508060,1.300000,26.000000
0.031800,0.526550,0.509350,1.300000,25.800000
0.031830,0.525830,0.510480,1.300000,25.700000
0.031890,0.525260,0.511450,1.300000,25.500000
0.031980,0.524800,0.512300,1.300000,25.300000
0.032080,0.524420,0.513070,1.300000,25.200000
0.032190,0.524100,0.513760,1.300000,25.000000
0.032320,0.523810,0.514430,1.300000,24.900000
0.032440,0.523520,0.515090,1.300000,24.700000
0.032560,0.523210,0.515770,1.300000,24.600000
0.032660,0.522850,0.516510,1.300000,24.400000
0.032750,0.522400,0.517330,1.300000,24.200000
0.032820,0.521850,0.518260,1.300000,24.000000
0.032860,0.521170,0.519320,1.300000,23.900000
0.032860,0.520340,0.520540,1.300000,23.700000
0.032830,0.519340,0.521940,1.300000,23.600000
0.032750,0.518140,0.523540,1.300000,23.400000
0.032620,0.516720,0.525360,1.300000,23.300000
0.032440,0.515070,0.527430,1.300000,23.200000
0.032200,0.513150,0.529770,1.300000,23.000000
0.031900,0.510960,0.532400,1.300000,22.900000
0.031520,0.508460,0.535340,1.300000,22.800000
0.031070,0.505630,0.538620,1.300000,22.600000
0.030540,0.502470,0.542250,1.300000,22.500000
0.029910,0.498950,0.546250,1.300000,22.400000
0.029190,0.495060,0.550650,1.300000,22.300000
0.028360,0.490790,0.555450,1.300000,22.100000
0.027420,0.486130,0.560680,1.300000,22.000000
0.026360,0.481050,0.566360,1.300000,21.900000
0.025170,0.475550,0.572490,1.300000,21.800000
0.023850,0.469620,0.579110,1.300000,21.700000
0.022380,0.463230,0.586230,1.300000,21.600000
0.020760,0.456390,0.593850,1.300000,21.500000
0.019020,0.449130,0.601920,1.300000,21.400000
0.017160,0.441530,0.610370,1.300000,21.300000
0.015220,0.433620,0.619130,1.300000,21.200000
0.013200,0.425470,0.628130,1.300000,21.100000
0.011140,0.417130,0.637300,1.300000,21.000000
0.009050,0.408660,0.646580,1.300000,20.900000
0.006950,0.400120,0.655890,1.300000,20.900000
0.004860,0.391550,0.665170,1.300000,20.800000
0.002810,0.383010,0.674340,1.300000,20.700000
0.000800,0.374560,0.683350,1.300000,20.600000
-0.001140,0.366240,0.692140,1.300000,20.500000
-0.003020,0.358080,0.700700,1.300000,20.400000
-0.004840,0.350110,0.708970,1.300000,20.300000
-0.006580,0.342380,0.716930,1.300000,20.300000
-0.008240,0.334910,0.724540,1.300000,20.200000
-0.009810,0.327740,0.731750,1.300000,20.100000
-0.011300,0.320920,0.738550,1.300000,20.000000
-0.012700,0.314460,0.744880,1.300000,20.000000
-0.014000,0.308410,0.750720,1.300000,19.900000
-0.015200,0.302800,0.756040,1.300000,19.800000
-0.016300,0.297600,0.760870,1.300000,19.800000
-0.017340,0.292780,0.765250,1.300000,19.700000
-0.018300,0.288310,0.769230,1.300000,19.600000
-0.019220,0.284160,0.772850,1.300000,19.600000
-0.020110,0.280290,0.776140,1.300000,19.500000
-0.020970,0.276680,0.779150,1.300000,19.500000
-0.021830,0.273300,0.781930,1.300000,19.400000
-0.022690,0.270100,0.784510,1.300000,19.400000
-0.023560,0.267070,0.786940,1.300000,19.300000
-0.024470,0.264170,0.789260,1.300000,19.300000
-0.025410,0.261400,0.791460,1.300000,19.200000
-0.026370,0.258750,0.793550,1.300000,19.200000
-0.027370,0.256210,0.795530,1.300000,19.100000
-0.028380,0.253800,0.797390,1.300000,19.100000
-0.029420,0.251500,0.799150,1.300000,19.000000
-0.030470,0.249310,0.800790,1.300000,19.000000
-0.031550,0.247240,0.802320,1.300000,19.000000
-0.032640,0.245260,0.803740,1.300000,18.900000
-0.033740,0.243390,0.805040,1.300000,18.800000
-0.034860,0.241600,0.806240,1.300000,18.800000
-0.036000,0.239850,0.807420,1.300000,18.700000
-0.037190,0.238040,0.808650,1.300000,18.700000
-0.038440,0.236130,0.810020,1.300000,18.700000
-0.039770,0.234020,0.811620,1.300000,18.600000
-0.041200,0.231650,0.813530,1.300000,18.600000
-0.042730,0.228960,0.815830,1.300000,18.500000
-0.044400,0.225860,0.818610,1.300000,18.500000
-0.046210,0.222280,0.821950,1.300000,18.500000
-0.048190,0.218160,0.825950,1.300000,18.400000
-0.050330,0.213450,0.830650,1.300000,18.400000
-0.052630,0.208210,0.835980,1.300000,18.400000
-0.055040,0.202530,0.841830,1.300000,18.400000
-0.057550,0.196520,0.848120,1.300000,18.400000
-0.060110,0.190250,0.854720,1.300000,18.400000
-0.062710,0.183820,0.861550,1.300000,18.400000
-0.065300,0.177330,0.868490,1.300000,18.400000
-0.067860,0.170860,0.875440,1.300000,18.400000
-0.070360,0.164510,0.882310,1.300000,18.400000
-0.072770,0.158370,0.888990,1.300000,18.300000
-0.075060,0.152560,0.895340,1.300000,18.300000
-0.077170,0.147270,0.901140,1.300000,18.300000
-0.079060,0.142760,0.906130,1.300000,18.300000
-0.080670,0.139260,0.910030,1.300000,18.300000
-0.081950,0.137000,0.912600,1.300000,18.300000
-0.082860,0.136210,0.913570,1.300000,18.300000
-0.083330,0.137140,0.912680,1.300000,18.300000
-0.083330,0.140010,0.909660,1.300000,18.300000
-0.082780,0.145070,0.904270,1.300000,18.300000
-0.081660,0.152540,0.896230,1.300000,18.300000
-0.079920,0.162550,0.885410,1.300000,18.300000
-0.077640,0.174740,0.872200,1.300000,18.300000
-0.074930,0.188660,0.857090,1.300000,18.300000
-0.071890,0.203830,0.840600,1.300000,18.300000
-0.068610,0.219800,0.823230,1.300000,18.300000
-0.065210,0.236100,0.805490,1.290000,18.300000
-0.061780,0.252260,0.787890,1.290000,18.400000
-0.058420,0.267820,0.770920,1.290000,18.400000
-0.055240,0.282320,0.755100,1.290000,18.400000
-0.052340,0.295280,0.740940,1.290000,18.400000
-0.049790,0.306360,0.728820,1.290000,18.400000
-0.047590,0.315620,0.718670,1.290000,18.400000
-0.045710,0.323240,0.710300,1.290000,18.400000
-0.044120,0.329390,0.703520,1.290000,18.400000
-0.042780,0.334270,0.698140,1.290000,18.400000
-0.041670,0.338030,0.693970,1.290000,18.500000
-0.040760,0.340870,0.690810,1.290000,18.500000
-0.040020,0.342950,0.688480,1.290000,18.500000
-0.039420,0.344450,0.686800,1.290000,18.500000
-0.038920,0.345560,0.685550,1.290000,18.600000
-0.038500,0.346430,0.684590,1.290000,18.600000
-0.038150,0.347120,0.683840,1.290000,18.600000
-0.037860,0.347670,0.683260,1.290000,18.600000
-0.037630,0.348120,0.682800,1.290000,18.700000
-0.037450,0.348510,0.682420,1.290000,18.700000
-0.037300,0.348890,0.682070,1.290000,18.700000
-0.037190,0.349290,0.681710,1.290000,18.800000
-0.037100,0.349760,0.681290,1.290000,18.800000
-0.037020,0.350330,0.680770,1.290000,18.800000
-0.036960,0.351050,0.680100,1.290000,18.900000
-0.036900,0.351940,0.679260,1.290000,18.900000
-0.036840,0.352970,0.678280,1.290000,19.000000
-0.036770,0.354090,0.677190,1.290000,19.000000
-0.036680,0.355260,0.676060,1.290000,19.100000
-0.036570,0.356430,0.674920,1.290000,19.100000
-0.036430,0.357550,0.673830,1.290000,19.200000
-0.036260,0.358560,0.672820,1.290000,19.200000
-0.036050,0.359440,0.671940,1.290000,19.300000
-0.035790,0.360120,0.671250,1.290000,19.300000
-0.035490,0.360550,0.670790,1.290000,19.400000
-0.035120,0.360720,0.670590,1.290000,19.500000
-0.034710,0.360610,0.670650,1.290000,19.500000
-0.034260,0.360260,0.670950,1.290000,19.600000
-0.033780,0.359670,0.671480,1.290000,19.700000
-0.033280,0.358880,0.672220,1.290000,19.700000
-0.032760,0.357900,0.673150,1.290000,19.800000
-0.032250,0.356750,0.674250,1.290000,19.900000
-0.031730,0.355450,0.675520,1.290000,19.900000
-0.031240,0.354030,0.676930,1.290000,20.000000
-0.030760,0.352490,0.678470,1.290000,20.000000
-0.030320,0.350870,0.680120,1.290000,20.100000
-0.029910,0.349160,0.681860,1.290000,20.200000
-0.029520,0.347390,0.683680,1.290000,20.300000
-0.029140,0.345550,0.685560,1.290000,20.400000
-0.028780,0.343670,0.687470,1.290000,20.500000
-0.028430,0.341750,0.689400,1.290000,20.500000
-0.028070,0.339800,0.691340,1.290000,20.600000
-0.027720,0.337830,0.693260,1.290000,20.700000
-0.027350,0.335860,0.695140,1.290000,20.800000
-0.026970,0.333880,0.696980,1.290000,20.900000
-0.026560,0.331920,0.698750,1.290000,20.900000
-0.026150,0.329950,0.700460,1.290000,21.000000
-0.025720,0.327980,0.702140,1.290000,21.100000
-0.025290,0.325990,0.703790,1.290000,21.300000
-0.024850,0.323980,0.705430,1.290000,21.400000
-0.024420,0.321940,0.707080,1.290000,21.500000
-0.023990,0.319840,0.708750,1.290000,21.500000
-0.023580,0.317700,0.710450,1.290000,21.600000
-0.023180,0.315490,0.712210,1.290000,21.700000
-0.022810,0.313220,0.714040,1.290000,21.800000
-0.022460,0.310860,0.715950,1.290000,21.900000
-0.022130,0.308430,0.717930,1.290000,22.000000
-0.021830,0.305930,0.719990,1.290000,22.100000
-0.021550,0.303370,0.722110,1.290000,22.200000
-0.021280,0.300760,0.724300,1.290000,22.300000
-0.021030,0.298100,0.726550,1.290000,22.500000
-0.020800,0.295400,0.728840,1.290000,22.600000
-0.020580,0.292660,0.731190,1.290000,22.800000
-0.020370,0.289900,0.733570,1.290000,22.900000
-0.020170,0.287120,0.736000,1.290000,23.000000
-0.019970,0.284320,0.738450,1.290000,23.100000
-0.019780,0.281490,0.740950,1.290000,23.300000
-0.019600,0.278630,0.743500,1.290000,23.400000
-0.019430,0.275730,0.746100,1.290000,23.500000
-0.019270,0.272760,0.748770,1.290000,23.600000
-0.019120,0.269720,0.751520,1.290000,23.800000
-0.018980,0.266600,0.754360,1.290000,23.900000
-0.018850,0.263390,0.757290,1.290000,24.100000
-0.018730,0.260070,0.760320,1.290000,24.200000
-0.018620,0.256630,0.763460,1.290000,24.300000
-0.018530,0.253080,0.766720,1.290000,24.400000
-0.018460,0.249440,0.770060,1.290000,24.600000
-0.018420,0.245780,0.773430,1.290000,24.700000
-0.018420,0.242140,0.776810,1.290000,24.900000
-0.018470,0.238560,0.780140,1.290000,25.000000
-0.018580,0.235100,0.783380,1.290000,25.200000
-0.018750,0.231810,0.786500,1.290000,25.300000
-0.019000,0.228740,0.789440,1.290000,25.500000
-0.019330,0.225930,0.792180,1.290000,25.600000
-0.019760,0.223430,0.794670,1.290000,25.800000
-0.020280,0.221280,0.796870,1.290000,25.900000
-0.020880,0.219430,0.798830,1.290000,26.100000
-0.021550,0.217850,0.800570,1.290000,26.200000
-0.022260,0.216460,0.802140,1.290000,26.500000
-0.022980,0.215230,0.803570,1.290000,26.600000
-0.023710,0.214080,0.804910,1.290000,26.800000
-0.024420,0.212980,0.806200,1.290000,27.000000
-0.025080,0.211870,0.807470,1.290000,27.100000
-0.025680,0.210680,0.808760,1.290000,27.300000
-0.026210,0.209380,0.810120,1.290000,27.400000
-0.026630,0.207920,0.811580,1.290000,27.600000
-0.026960,0.206300,0.813120,1.290000,27.900000
-0.027200,0.204550,0.814740,1.290000,28.000000
-0.027360,0.202700,0.816410,1.290000,28.200000
-0.027450,0.200760,0.818120,1.290000,28.400000
-0.027480,0.198770,0.819850,1.290000,28.600000
-0.027460,0.196730,0.821580,1.280000,28.700000
-0.027390,0.194670,0.823310,1.280000,29.000000
-0.027280,0.192620,0.825000,1.280000,29.200000
-0.027140,0.190600,0.826650,1.280000,29.300000
-0.026980,0.188610,0.828250,1.280000,29.500000
-0.026790,0.186640,0.829830,1.280000,29.700000
-0.026590,0.184630,0.831430,1.280000,29.900000
-0.026360,0.182550,0.833100,1.280000,30.000000
-0.026110,0.180350,0.834880,1.280000,30.400000
-0.025840,0.177990,0.836810,1.280000,30.500000
-0.025550,0.175430,0.838940,1.280000,30.700000
-0.025240,0.172620,0.841310,1.280000,30.900000
-0.024910,0.169540,0.843950,1.280000,31.100000
-0.024560,0.166120,0.846930,1.280000,31.500000
-0.024190,0.162360,0.850250,1.280000,31.600000
-0.023800,0.158290,0.853880,1.280000,31.800000
-0.023390,0.153970,0.857770,1.280000,32.000000
-0.022960,0.149470,0.861860,1.280000,32.200000
-0.022510,0.144840,0.866100,1.280000,32.400000
-0.022040,0.140140,0.870420,1.280000,32.700000
-0.021550,0.135450,0.874770,1.280000,32.900000
-0.021040,0.130810,0.879100,1.280000,33.100000
-0.020520,0.126280,0.883350,1.280000,33.300000
-0.019970,0.121940,0.887460,1.280000,33.500000
-0.019400,0.117820,0.891390,1.280000,33.900000
-0.018820,0.113920,0.895140,1.280000,34.000000
-0.018210,0.110220,0.898720,1.280000,34.300000
-0.017590,0.106700,0.902150,1.280000,34.500000
-0.016940,0.103340,0.905420,1.280000,34.700000
-0.016280,0.100130,0.908560,1.280000,34.900000
-0.015590,0.097040,0.911580,1.280000,35.300000
-0.014880,0.094050,0.914480,1.280000,35.500000
-0.014150,0.091140,0.917280,1.280000,35.700000
-0.013400,0.088300,0.919980,1.280000,35.900000
-0.012640,0.085500,0.922610,1.280000,36.100000
-0.011860,0.082710,0.925200,1.280000,36.600000
-0.011080,0.079910,0.927770,1.280000,36.800000
-0.010320,0.077060,0.930380,1.280000,37.000000
-0.009590,0.074140,0.933050,1.280000,37.200000
-0.008900,0.071110,0.935820,1.280000,37.600000
-0.008260,0.067950,0.938730,1.280000,37.800000
-0.007690,0.064620,0.941820,1.280000,38.000000
-0.007200,0.061090,0.945110,1.280000,38.300000
-0.006790,0.057330,0.948660,1.280000,38.500000
-0.006490,0.053340,0.952460,1.280000,38.900000
-0.006270,0.049150,0.956480,1.280000,39.100000
-0.006110,0.044830,0.960650,1.280000,39.400000
-0.006010,0.040450,0.964880,1.280000,39.600000
-0.005930,0.036070,0.969110,1.280000,40.100000
-0.005860,0.031750,0.973280,1.280000,40.200000
-0.005790,0.027570,0.977300,1.280000,40.500000
-0.005690,0.023570,0.981110,1.280000,40.800000
-0.005540,0.019830,0.984640,1.280000,41.000000
-0.005330,0.016400,0.987810,1.280000,41.500000
-0.005050,0.013350,0.990580,1.280000,41.700000
-0.004690,0.010670,0.992940,1.280000,42.000000
-0.004260,0.008330,0.994930,1.280000,42.200000
-0.003780,0.006310,0.996550,1.280000,42.700000
-0.003240,0.004600,0.997840,1.280000,42.900000
-0.002650,0.003190,0.998810,1.280000,43.200000
-0.002030,0.002030,0.999490,1.280000,43.400000
-0.001380,0.001130,0.999900,1.280000,43.900000
-0.000700,0.000460,1.000100,1.280000,44.100000
0.000000,0.000000,1.000000,1.280000,44.400000
0.000710,-0.000270,0.999730,1.280000,44.600000
0.001410,-0.000390,0.999290,1.280000,45.100000
0.002120,-0.000380,0.998730,1.280000,45.400000
0.002810,-0.000290,0.998060,1.280000,45.700000
0.003490,-0.000150,0.997350,1.280000,45.900000
0.004130,0.000010,0.996610,1.280000,46.400000
0.004750,0.000160,0.995890,1.280000,46.600000
0.005320,0.000240,0.995220,1.280000,46.900000
0.005850,0.000240,0.994650,1.280000,47.100000
0.006330,0.000120,0.994200,1.280000,47.600000
